1403638522.827830 0.020021 0.005823 0.182206 -0.055571 0.818886 0.023182 0.570789
1403638522.927830 0.029133 0.008240 0.281812 -0.068302 0.813522 0.018126 0.577225
1403638523.027829 0.032726 0.004499 0.344561 -0.072451 0.809470 0.015135 0.582478
1403638523.127830 0.032800 -0.000630 0.366552 -0.072164 0.808014 0.015567 0.584520
1403638523.227829 0.030998 -0.006885 0.378587 -0.067891 0.806504 0.015363 0.587117
1403638523.327830 0.029832 -0.013368 0.360448 -0.058486 0.804182 0.014728 0.591315
1403638523.427830 0.028973 -0.018566 0.324073 -0.055201 0.805102 0.015405 0.590361
1403638523.527829 0.025681 -0.024606 0.278406 -0.049127 0.811896 0.019072 0.581419
1403638523.627830 0.019869 -0.032174 0.227782 -0.041625 0.822176 0.022914 0.567247
1403638523.727829 0.014115 -0.038218 0.179428 -0.036757 0.829177 0.025751 0.557181
1403638523.827830 0.007823 -0.043011 0.134334 -0.034562 0.831598 0.028396 0.553574
1403638523.927830 0.000951 -0.048373 0.094370 -0.027368 0.831197 0.032700 0.554340
1403638524.027829 -0.004079 -0.051496 0.070085 -0.018606 0.832669 0.040360 0.551985
1403638524.127830 -0.006767 -0.051417 0.071911 -0.014749 0.836963 0.047905 0.544959
1403638524.227829 -0.006139 -0.050120 0.108759 -0.019519 0.840260 0.050583 0.539466
1403638524.327830 -0.003282 -0.050167 0.158938 -0.027755 0.839114 0.050245 0.540919
1403638524.427830 0.002917 -0.049234 0.217016 -0.036715 0.834398 0.048232 0.547819
1403638524.527829 0.010447 -0.047834 0.277688 -0.042146 0.826099 0.047592 0.559928
1403638524.627830 0.019275 -0.045372 0.335258 -0.042593 0.818068 0.043978 0.571854
1403638524.727829 0.027567 -0.041275 0.382978 -0.033452 0.813075 0.038736 0.579904
1403638524.827830 0.033376 -0.036693 0.416091 -0.020974 0.810453 0.033696 0.584457
1403638524.927830 0.037137 -0.032048 0.434753 -0.025113 0.809280 0.033738 0.585915
1403638525.027829 0.037581 -0.030004 0.433953 -0.029629 0.806989 0.037294 0.588642
1403638525.127830 0.038855 -0.028555 0.409708 -0.025460 0.804563 0.041306 0.591882
1403638525.227829 0.039620 -0.028431 0.368468 -0.024270 0.804760 0.046374 0.591288
1403638525.327830 0.038317 -0.027410 0.316229 -0.025152 0.810617 0.051233 0.582789
1403638525.427830 0.034559 -0.028385 0.262704 -0.030608 0.821805 0.054817 0.566299
1403638525.527829 0.030739 -0.028699 0.212958 -0.039888 0.833202 0.055629 0.548716
1403638525.627830 0.028038 -0.030598 0.170085 -0.043574 0.839039 0.053935 0.539634
1403638525.727829 0.026827 -0.033892 0.135829 -0.042235 0.839612 0.049802 0.539247
1403638525.827830 0.026304 -0.033915 0.109845 -0.037948 0.836630 0.043941 0.544683
1403638525.927830 0.024966 -0.036638 0.092103 -0.029097 0.833532 0.041239 0.550161
1403638526.027829 0.022135 -0.050277 0.085698 -0.022984 0.833791 0.040959 0.550078
1403638526.127830 0.017369 -0.076671 0.091946 -0.020413 0.836371 0.034735 0.546681
1403638526.227829 0.013798 -0.109373 0.103572 -0.018205 0.837399 0.025332 0.545701
1403638526.327830 0.008046 -0.147238 0.118028 -0.015155 0.834541 0.016802 0.550481
1403638526.427830 0.000020 -0.190329 0.131725 -0.012795 0.829718 0.007202 0.557989
1403638526.527829 -0.010447 -0.236972 0.142495 -0.011949 0.824576 -0.004473 0.565608
1403638526.627830 -0.021617 -0.290822 0.149859 -0.009582 0.819013 -0.014064 0.573523
1403638526.727829 -0.035096 -0.351642 0.155606 -0.004186 0.814938 -0.021241 0.579144
1403638526.827830 -0.050845 -0.416339 0.159610 0.006255 0.812735 -0.024892 0.582068
1403638526.927830 -0.067977 -0.479155 0.162671 0.010759 0.813933 -0.028893 0.580140
1403638527.027829 -0.083933 -0.538641 0.165620 0.016612 0.818259 -0.038624 0.573310
1403638527.127830 -0.097382 -0.593170 0.170001 0.024621 0.821868 -0.053525 0.566623
1403638527.227829 -0.107388 -0.639033 0.176064 0.033250 0.821237 -0.068162 0.565524
1403638527.327830 -0.112559 -0.670671 0.183081 0.047924 0.816719 -0.079810 0.569477
1403638527.427830 -0.110534 -0.683939 0.188016 0.061770 0.811942 -0.086068 0.574045
1403638527.527829 -0.103994 -0.675579 0.190007 0.068115 0.809866 -0.088669 0.575861
1403638527.627830 -0.090713 -0.644269 0.188978 0.068439 0.810069 -0.087982 0.575642
1403638527.727829 -0.075534 -0.599225 0.187707 0.065137 0.810784 -0.081412 0.575985
1403638527.827830 -0.060648 -0.547106 0.188577 0.055747 0.813276 -0.075753 0.574226
1403638527.927830 -0.042687 -0.490207 0.192161 0.041494 0.815755 -0.071108 0.572509
1403638528.027829 -0.021323 -0.431568 0.193977 0.035181 0.815148 -0.064833 0.574537
1403638528.127830 -0.001392 -0.373275 0.193151 0.026091 0.814385 -0.056611 0.576967
1403638528.227829 0.020989 -0.320828 0.189433 0.014901 0.815679 -0.046713 0.576423
1403638528.327830 0.049270 -0.277390 0.183921 0.003669 0.816514 -0.036174 0.576180
1403638528.427830 0.080654 -0.246432 0.177923 0.001313 0.815116 -0.030432 0.578497
1403638528.527829 0.115319 -0.224778 0.172957 0.002993 0.815801 -0.030265 0.577533
1403638528.627830 0.150277 -0.208691 0.170647 0.002199 0.817933 -0.037420 0.574092
1403638528.727829 0.182672 -0.197758 0.171982 0.003922 0.817953 -0.042981 0.573663
1403638528.827830 0.204362 -0.190297 0.176867 0.005630 0.816831 -0.048934 0.574770
1403638528.927830 0.209826 -0.183899 0.186776 -0.000718 0.815964 -0.056666 0.575318
1403638529.027829 0.199980 -0.175282 0.202651 -0.006271 0.816608 -0.060901 0.573936
1403638529.127830 0.175073 -0.162797 0.216964 0.004355 0.817403 -0.057465 0.573176
1403638529.227829 0.142614 -0.144606 0.221174 0.019782 0.818705 -0.050132 0.571679
1403638529.327830 0.106864 -0.124032 0.215475 0.027475 0.822028 -0.044944 0.567005
1403638529.427830 0.074376 -0.100683 0.198109 0.029226 0.829758 -0.041169 0.555834
1403638529.527829 0.046924 -0.085018 0.176068 0.025374 0.841053 -0.039117 0.538940
1403638529.627830 0.026819 -0.072067 0.150046 0.026079 0.848552 -0.035514 0.527274
1403638529.727829 0.014366 -0.063869 0.123322 0.025511 0.848679 -0.033237 0.527245
1403638529.827830 0.007985 -0.054786 0.101696 0.024239 0.842647 -0.034133 0.536837
1403638529.927830 0.002611 -0.047469 0.082263 0.023898 0.837724 -0.034471 0.544481
1403638530.027829 0.005326 -0.043627 0.068799 0.024276 0.837411 -0.034766 0.544926
1403638530.127830 0.015410 -0.042591 0.058972 0.024506 0.839614 -0.037046 0.541365
1403638530.227829 0.030053 -0.043627 0.049179 0.026683 0.840191 -0.042832 0.539937
1403638530.327830 0.044335 -0.046072 0.039101 0.027871 0.839528 -0.048929 0.540391
1403638530.427830 0.057140 -0.049784 0.030229 0.031242 0.838995 -0.052999 0.540649
1403638530.527829 0.067295 -0.053713 0.023697 0.028899 0.838854 -0.056914 0.540602
1403638530.627830 0.073114 -0.057838 0.018734 0.030654 0.840117 -0.059429 0.538268
1403638530.727829 0.076599 -0.060444 0.013500 0.030987 0.843984 -0.061614 0.531916
1403638530.827830 0.079143 -0.062413 0.008283 0.030989 0.846071 -0.062209 0.528520
1403638530.927830 0.081042 -0.063213 0.004519 0.028563 0.845161 -0.061515 0.530192
1403638531.027829 0.081685 -0.063070 0.001913 0.027154 0.842487 -0.061295 0.534528
1403638531.127830 0.081046 -0.061902 0.001724 0.029586 0.838898 -0.059990 0.540163
1403638531.227829 0.081580 -0.060690 0.000987 0.031914 0.838755 -0.057370 0.540537
1403638531.327830 0.081631 -0.059384 0.000116 0.032625 0.835116 -0.057571 0.546079
1403638531.427830 0.081584 -0.059544 0.000051 0.033441 0.835983 -0.057058 0.544755
1403638531.527829 0.081195 -0.059602 0.000108 0.032957 0.835257 -0.057564 0.545844
1403638531.627830 0.081120 -0.059683 0.000020 0.033504 0.835445 -0.056554 0.545629
1403638531.727829 0.081102 -0.059647 -0.000051 0.033495 0.835606 -0.057063 0.545329
1403638531.827830 0.081149 -0.059642 -0.000107 0.033498 0.835634 -0.057220 0.545270
1403638531.927830 0.081151 -0.059602 -0.000146 0.033411 0.835618 -0.057424 0.545279
1403638532.027829 0.081169 -0.059566 -0.000206 0.033342 0.835613 -0.057581 0.545273
1403638532.127830 0.081212 -0.059583 -0.000226 0.033361 0.835616 -0.057684 0.545257
1403638532.227829 0.081159 -0.059610 -0.000245 0.033605 0.835677 -0.057598 0.545158
1403638532.327830 0.081181 -0.059656 -0.000258 0.033749 0.835661 -0.057594 0.545174
1403638532.427830 0.081159 -0.059696 -0.000270 0.033838 0.835681 -0.057571 0.545141
1403638532.527829 0.081157 -0.059713 -0.000286 0.033885 0.835687 -0.057640 0.545121
1403638532.627830 0.081170 -0.059728 -0.000316 0.033910 0.835702 -0.057711 0.545089
1403638532.727829 0.081159 -0.059722 -0.000340 0.033929 0.835686 -0.057775 0.545105
1403638532.827830 0.081173 -0.059727 -0.000336 0.033948 0.835686 -0.057844 0.545098
1403638532.927830 0.081147 -0.059733 -0.000349 0.034063 0.835692 -0.057840 0.545081
1403638533.027829 0.081151 -0.059764 -0.000353 0.034144 0.835679 -0.057900 0.545089
1403638533.127830 0.081139 -0.059781 -0.000361 0.034196 0.835689 -0.057951 0.545066
1403638533.227829 0.081131 -0.059798 -0.000387 0.034257 0.835680 -0.058004 0.545070
1403638533.327830 0.081137 -0.059808 -0.000389 0.034347 0.835668 -0.058049 0.545078
1403638533.427830 0.081116 -0.059822 -0.000413 0.034338 0.835669 -0.058109 0.545070
1403638533.527829 0.081125 -0.059836 -0.000414 0.034419 0.835659 -0.058153 0.545075
1403638533.627830 0.081123 -0.059871 -0.000417 0.034530 0.835657 -0.058173 0.545070
1403638533.727829 0.081093 -0.059886 -0.000428 0.034672 0.835685 -0.058262 0.545008
1403638533.827830 0.081102 -0.059915 -0.000440 0.034688 0.835641 -0.058360 0.545064
1403638533.927830 0.081146 -0.059923 -0.000495 0.034704 0.835685 -0.058277 0.545004
1403638534.027829 0.081111 -0.059938 -0.000490 0.034840 0.835641 -0.058469 0.545042
1403638534.127830 0.081086 -0.059965 -0.000466 0.035007 0.835691 -0.058676 0.544933
1403638534.227829 0.081066 -0.059954 -0.000458 0.034923 0.835679 -0.058759 0.544948
1403638534.327830 0.081094 -0.059937 -0.000431 0.034770 0.835726 -0.058724 0.544889
1403638534.427830 0.081088 -0.059932 -0.000434 0.034785 0.835786 -0.058795 0.544789
1403638534.527829 0.081074 -0.060012 -0.000423 0.035161 0.835792 -0.059147 0.544718
1403638534.627830 0.081099 -0.060021 -0.000384 0.035121 0.835844 -0.058842 0.544673
1403638534.727829 0.081117 -0.060033 -0.000391 0.035032 0.835849 -0.058651 0.544692
1403638534.827830 0.081106 -0.060057 -0.000390 0.035207 0.835813 -0.058784 0.544722
1403638534.927830 0.081079 -0.060128 -0.000404 0.035606 0.835803 -0.059068 0.544681
1403638535.027829 0.081087 -0.060181 -0.000392 0.035676 0.835811 -0.059115 0.544659
1403638535.127830 0.081079 -0.060225 -0.000379 0.035870 0.835819 -0.059193 0.544625
1403638535.227829 0.081072 -0.060258 -0.000391 0.035918 0.835786 -0.059270 0.544665
1403638535.327830 0.081073 -0.060293 -0.000389 0.036071 0.835780 -0.059396 0.544649
1403638535.427830 0.081071 -0.060301 -0.000369 0.036258 0.835754 -0.059433 0.544673
1403638535.527829 0.081083 -0.060314 -0.000368 0.036317 0.835725 -0.059536 0.544701
1403638535.627830 0.081084 -0.060324 -0.000373 0.036386 0.835731 -0.059538 0.544687
1403638535.727829 0.081085 -0.060355 -0.000367 0.036509 0.835706 -0.059654 0.544706
1403638535.827830 0.081091 -0.060402 -0.000368 0.036629 0.835671 -0.059739 0.544742
1403638535.927830 0.081082 -0.060411 -0.000374 0.036707 0.835664 -0.059832 0.544737
1403638536.027829 0.081083 -0.060441 -0.000367 0.036716 0.835658 -0.059874 0.544741
1403638536.127830 0.081086 -0.060460 -0.000366 0.036815 0.835646 -0.059968 0.544743
1403638536.227829 0.081102 -0.060490 -0.000350 0.036886 0.835621 -0.060039 0.544768
1403638536.327830 0.081100 -0.060503 -0.000370 0.036921 0.835546 -0.060048 0.544879
1403638536.427830 0.081100 -0.060514 -0.000372 0.037047 0.835521 -0.060145 0.544899
1403638536.527829 0.081104 -0.060545 -0.000356 0.037119 0.835515 -0.060166 0.544901
1403638536.627830 0.081092 -0.060545 -0.000359 0.037204 0.835456 -0.060297 0.544971
1403638536.727829 0.081101 -0.060572 -0.000362 0.037346 0.835435 -0.060277 0.544996
1403638536.827830 0.081101 -0.060621 -0.000368 0.037469 0.835397 -0.060402 0.545032
1403638536.927830 0.081099 -0.060656 -0.000368 0.037552 0.835364 -0.060458 0.545070
1403638537.027829 0.081110 -0.060670 -0.000350 0.037643 0.835376 -0.060494 0.545041
1403638537.127830 0.081121 -0.060658 -0.000349 0.037803 0.835344 -0.060469 0.545082
1403638537.227829 0.081122 -0.060656 -0.000334 0.037867 0.835348 -0.060579 0.545060
1403638537.327830 0.081131 -0.060668 -0.000336 0.037899 0.835309 -0.060613 0.545114
1403638537.427830 0.081136 -0.060672 -0.000339 0.037913 0.835287 -0.060612 0.545146
1403638537.527829 0.081145 -0.060668 -0.000320 0.038008 0.835288 -0.060601 0.545140
1403638537.627830 0.081152 -0.060668 -0.000285 0.038158 0.835285 -0.060526 0.545143
1403638537.727829 0.081156 -0.060717 -0.000270 0.038246 0.835327 -0.060594 0.545063
1403638537.827830 0.081149 -0.060704 -0.000253 0.038290 0.835297 -0.060640 0.545102
1403638537.927830 0.081171 -0.060719 -0.000264 0.038323 0.835244 -0.060654 0.545179
1403638538.027829 0.081166 -0.060744 -0.000208 0.038408 0.835308 -0.060723 0.545067
1403638538.127830 0.081156 -0.060750 -0.000196 0.038601 0.835202 -0.060728 0.545215
1403638538.227829 0.081180 -0.060749 -0.000208 0.038633 0.835193 -0.060773 0.545221
1403638538.327830 0.081166 -0.060766 -0.000220 0.038674 0.835184 -0.060715 0.545239
1403638538.427830 0.081240 -0.060734 -0.000152 0.038762 0.835070 -0.060772 0.545401
1403638538.527829 0.081205 -0.060771 -0.000062 0.038789 0.835061 -0.060850 0.545405
1403638538.627830 0.081154 -0.060818 0.000032 0.039055 0.834860 -0.060994 0.545677
1403638538.727829 0.081123 -0.060880 0.000155 0.039204 0.834525 -0.060928 0.546186
1403638538.827830 0.081906 -0.060724 0.000295 0.038759 0.833981 -0.060439 0.547102
1403638538.927830 0.084162 -0.060472 0.001967 0.038906 0.831116 -0.059716 0.551513
1403638539.027829 0.087468 -0.060347 0.005176 0.040049 0.826462 -0.060308 0.558318
1403638539.127830 0.093444 -0.060477 0.011018 0.039932 0.819813 -0.061675 0.567899
1403638539.227829 0.101338 -0.060165 0.022698 0.039837 0.815030 -0.061027 0.574817
1403638539.327830 0.109739 -0.060081 0.042070 0.039368 0.814114 -0.060752 0.576175
1403638539.427830 0.118447 -0.060451 0.068482 0.039297 0.815737 -0.059702 0.573989
1403638539.527829 0.128181 -0.061331 0.099352 0.038948 0.817743 -0.058570 0.571270
1403638539.627830 0.136663 -0.061804 0.131504 0.038108 0.818422 -0.057656 0.570446
1403638539.727829 0.145773 -0.062612 0.153993 0.037509 0.819073 -0.056687 0.569649
1403638539.827830 0.156124 -0.062978 0.165656 0.037349 0.820699 -0.055378 0.567442
1403638539.927830 0.168810 -0.062964 0.173815 0.036058 0.824567 -0.054765 0.561951
1403638540.027829 0.187624 -0.064009 0.179574 0.034768 0.830000 -0.055317 0.553923
1403638540.127830 0.207619 -0.065636 0.186842 0.034380 0.835848 -0.055178 0.545098
1403638540.227829 0.238039 -0.067737 0.193706 0.034842 0.835770 -0.053909 0.545314
1403638540.327830 0.275342 -0.069071 0.204591 0.035625 0.829586 -0.052827 0.554731
1403638540.427830 0.315322 -0.070280 0.213582 0.034978 0.825033 -0.048867 0.561880
1403638540.527829 0.360513 -0.071465 0.217141 0.029569 0.824621 -0.040278 0.563474
1403638540.627830 0.406380 -0.069103 0.223660 0.020935 0.824905 -0.026394 0.564266
1403638540.727829 0.456440 -0.069021 0.228390 0.013801 0.824173 -0.004882 0.566149
1403638540.827830 0.507062 -0.064519 0.233691 0.004877 0.823648 0.021509 0.566672
1403638540.927830 0.558680 -0.055796 0.236769 -0.006830 0.822772 0.049649 0.566158
1403638541.027829 0.611220 -0.042498 0.237948 -0.021781 0.821135 0.072256 0.565723
1403638541.127830 0.663538 -0.023443 0.236428 -0.033884 0.818866 0.088509 0.566107
1403638541.227829 0.718559 -0.005905 0.231220 -0.041647 0.818003 0.099606 0.564991
1403638541.327830 0.773453 0.018762 0.228548 -0.045609 0.817421 0.105532 0.564452
1403638541.427830 0.827563 0.049546 0.231975 -0.048007 0.817525 0.106711 0.563880
1403638541.527829 0.880526 0.084969 0.240347 -0.046754 0.816365 0.107458 0.565522
1403638541.627830 0.935422 0.128194 0.256892 -0.047691 0.814849 0.109691 0.567199
1403638541.727829 0.990837 0.176133 0.279807 -0.054895 0.813044 0.113997 0.568287
1403638541.827830 1.044168 0.230688 0.310966 -0.067095 0.812061 0.120371 0.567067
1403638541.927830 1.095067 0.288107 0.343722 -0.078865 0.810990 0.131928 0.564510
1403638542.027829 1.144299 0.347216 0.370990 -0.092030 0.809270 0.147595 0.561096
1403638542.127830 1.193084 0.406804 0.392321 -0.105612 0.806400 0.166805 0.557442
1403638542.227829 1.240907 0.467740 0.407469 -0.121790 0.802562 0.187820 0.552978
1403638542.327830 1.288781 0.530055 0.417232 -0.136373 0.797475 0.211427 0.548393
1403638542.427830 1.337556 0.593181 0.424221 -0.146635 0.786304 0.232094 0.553495
1403638542.527829 1.384243 0.656601 0.428780 -0.147547 0.772858 0.251491 0.563625
1403638542.627830 1.425747 0.723937 0.432014 -0.144961 0.764475 0.266208 0.568945
1403638542.727829 1.460244 0.793264 0.440039 -0.149210 0.764859 0.270646 0.565224
1403638542.827830 1.487127 0.867026 0.455196 -0.158780 0.769423 0.267846 0.557706
1403638542.927830 1.507471 0.943036 0.476735 -0.164985 0.774948 0.264577 0.549758
1403638543.027829 1.522916 1.019893 0.505168 -0.168178 0.778985 0.261869 0.544356
1403638543.127830 1.537450 1.098344 0.531187 -0.170185 0.781290 0.258694 0.541942
1403638543.227829 1.550602 1.174225 0.553190 -0.169639 0.782225 0.257183 0.541483
1403638543.327830 1.564795 1.252042 0.566758 -0.169908 0.782879 0.254970 0.541500
1403638543.427830 1.579791 1.332784 0.576920 -0.171108 0.782852 0.256448 0.540462
1403638543.527829 1.594927 1.414896 0.583958 -0.175112 0.781051 0.263665 0.538309
1403638543.627830 1.608316 1.497086 0.588750 -0.180288 0.776634 0.279214 0.535141
1403638543.727829 1.620766 1.577405 0.593245 -0.189618 0.769864 0.298621 0.531205
1403638543.827830 1.632338 1.662658 0.602151 -0.199624 0.760090 0.321732 0.528112
1403638543.927830 1.643893 1.752290 0.619271 -0.214005 0.750660 0.342304 0.523010
1403638544.027829 1.652808 1.832291 0.640409 -0.229163 0.744103 0.357047 0.516055
1403638544.127830 1.662450 1.910297 0.662128 -0.241318 0.740565 0.366672 0.508803
1403638544.227829 1.674834 1.992742 0.680636 -0.251027 0.737716 0.371165 0.504972
1403638544.327830 1.690173 2.083596 0.692336 -0.255319 0.735993 0.374251 0.503053
1403638544.427830 1.706831 2.172818 0.700907 -0.256377 0.736611 0.375437 0.500722
1403638544.527829 1.724363 2.262577 0.707776 -0.255495 0.735834 0.375519 0.502251
1403638544.627830 1.742993 2.354584 0.714766 -0.259799 0.730544 0.374859 0.508222
1403638544.727829 1.760816 2.448381 0.729905 -0.263400 0.726020 0.374999 0.512729
1403638544.827830 1.776541 2.540338 0.748953 -0.262324 0.727715 0.376946 0.509440
1403638544.927830 1.794295 2.629693 0.758828 -0.261166 0.730610 0.378386 0.504802
1403638545.027829 1.812602 2.718936 0.763207 -0.262460 0.730053 0.378564 0.504804
1403638545.127830 1.825172 2.808187 0.769602 -0.263402 0.728946 0.378780 0.505749
1403638545.227829 1.841998 2.897226 0.763786 -0.262313 0.729154 0.380548 0.504687
1403638545.327830 1.857187 2.984656 0.755206 -0.263019 0.727012 0.381082 0.507001
1403638545.427830 1.875535 3.075201 0.740219 -0.264906 0.726021 0.380238 0.508073
1403638545.527829 1.893163 3.165599 0.725160 -0.267884 0.724730 0.383715 0.505734
1403638545.627830 1.906976 3.251328 0.717984 -0.275034 0.721151 0.392651 0.500123
1403638545.727829 1.923003 3.334320 0.713211 -0.283307 0.714882 0.406816 0.493135
1403638545.827830 1.939475 3.417597 0.718520 -0.293561 0.704375 0.425334 0.486589
1403638545.927830 1.955128 3.502649 0.729968 -0.303874 0.692728 0.446554 0.477889
1403638546.027829 1.971319 3.588920 0.747705 -0.312356 0.680500 0.467204 0.470186
1403638546.127830 1.989393 3.679382 0.763079 -0.318569 0.669854 0.483297 0.465008
1403638546.227829 2.005899 3.772483 0.771896 -0.325674 0.663491 0.492561 0.459455
1403638546.327830 2.021527 3.866786 0.773831 -0.331625 0.660330 0.497326 0.454594
1403638546.427830 2.035360 3.960306 0.770510 -0.336402 0.659961 0.498452 0.450367
1403638546.527829 2.048676 4.054905 0.763681 -0.337563 0.658910 0.500295 0.448992
1403638546.627830 2.061629 4.151355 0.760589 -0.339634 0.655166 0.505321 0.447277
1403638546.727829 2.073475 4.250030 0.765713 -0.343347 0.650263 0.511146 0.444973
1403638546.827830 2.085420 4.352100 0.780820 -0.344169 0.645910 0.516936 0.443988
1403638546.927830 2.095000 4.456756 0.799318 -0.344381 0.642838 0.521136 0.443371
1403638547.027829 2.103789 4.561834 0.812373 -0.342953 0.639733 0.525007 0.444401
1403638547.127830 2.109615 4.668633 0.817902 -0.339421 0.637080 0.528918 0.446282
1403638547.227829 2.112362 4.775383 0.819842 -0.337500 0.635743 0.530996 0.447177
1403638547.327830 2.108698 4.881630 0.815354 -0.336364 0.634800 0.531808 0.448408
1403638547.427830 2.101950 4.989208 0.810190 -0.341521 0.638131 0.527917 0.444361
1403638547.527829 2.092780 5.097745 0.801759 -0.346325 0.641395 0.523886 0.440698
1403638547.627830 2.079776 5.203402 0.785013 -0.348735 0.643559 0.521342 0.438655
1403638547.727829 2.070352 5.318380 0.766627 -0.347315 0.643926 0.520971 0.439682
1403638547.827830 2.052145 5.418960 0.740181 -0.343283 0.641664 0.523268 0.443412
1403638547.927830 2.038327 5.535996 0.715342 -0.342857 0.641468 0.523243 0.444055
1403638548.027829 2.018866 5.649456 0.696523 -0.344216 0.640878 0.524317 0.442586
1403638548.127830 1.995686 5.769220 0.684133 -0.347742 0.638102 0.528211 0.439197
1403638548.227829 1.973483 5.889002 0.683113 -0.353786 0.632800 0.534963 0.433836
1403638548.327830 1.948992 6.013868 0.689022 -0.361482 0.624865 0.544793 0.426703
1403638548.427830 1.922548 6.139663 0.702013 -0.368550 0.615303 0.557101 0.418583
1403638548.527829 1.899257 6.267372 0.720042 -0.376444 0.606788 0.565859 0.412191
1403638548.627830 1.872905 6.395302 0.730684 -0.381607 0.599582 0.572841 0.408327
1403638548.727829 1.851730 6.517169 0.743863 -0.385479 0.594996 0.577588 0.404695
1403638548.827830 1.825911 6.645950 0.752322 -0.387806 0.592098 0.580688 0.402279
1403638548.927830 1.803508 6.767846 0.773140 -0.389825 0.590384 0.582139 0.400746
1403638549.027829 1.776609 6.897281 0.795268 -0.388917 0.589708 0.583952 0.399985
1403638549.127830 1.750697 7.024557 0.825612 -0.391150 0.590171 0.582507 0.399232
1403638549.227829 1.724493 7.147024 0.860347 -0.391611 0.590183 0.582081 0.399382
1403638549.327830 1.697633 7.279139 0.899305 -0.393205 0.591379 0.580224 0.398750
1403638549.427830 1.671739 7.406197 0.942449 -0.395629 0.592642 0.577753 0.398064
1403638549.527829 1.646688 7.537411 0.979625 -0.396413 0.593923 0.576323 0.397447
1403638549.627830 1.621772 7.670893 1.009472 -0.398383 0.593129 0.574428 0.399401
1403638549.727829 1.599530 7.805136 1.037805 -0.397202 0.592612 0.574362 0.401434
1403638549.827830 1.577920 7.941344 1.068180 -0.397293 0.594318 0.573916 0.399456
1403638549.927830 1.556873 8.077163 1.107082 -0.395342 0.595133 0.574738 0.398994
1403638550.027829 1.537282 8.217532 1.153523 -0.396003 0.596119 0.574089 0.397802
1403638550.127830 1.518153 8.361413 1.207891 -0.397076 0.597030 0.573583 0.396092
1403638550.227829 1.501536 8.504176 1.270064 -0.396827 0.596866 0.574323 0.395515
1403638550.327830 1.484667 8.650982 1.337911 -0.396172 0.595976 0.575106 0.396375
1403638550.427830 1.470150 8.796658 1.402217 -0.398350 0.595505 0.574212 0.396196
1403638550.527829 1.456704 8.942276 1.460065 -0.400856 0.596771 0.572675 0.393982
1403638550.627830 1.445982 9.087349 1.509057 -0.405511 0.596030 0.569577 0.394831
1403638550.727829 1.438961 9.231365 1.556785 -0.409696 0.594839 0.566666 0.396492
1403638550.827830 1.436185 9.371169 1.594325 -0.413215 0.592561 0.563921 0.400146
1403638550.927830 1.437336 9.509075 1.629755 -0.419481 0.588055 0.559126 0.406947
1403638551.027829 1.439432 9.643308 1.661277 -0.424587 0.584965 0.555316 0.411298
1403638551.127830 1.444224 9.770016 1.690733 -0.427747 0.584093 0.552913 0.412499
1403638551.227829 1.453279 9.887099 1.724572 -0.431438 0.584520 0.550897 0.410743
1403638551.327830 1.468645 9.998079 1.765952 -0.428730 0.588940 0.549975 0.408495
1403638551.427830 1.487732 10.108375 1.805333 -0.422852 0.599446 0.543353 0.408201
1403638551.527829 1.515519 10.213352 1.842621 -0.415620 0.614077 0.530537 0.410731
1403638551.627830 1.548175 10.324342 1.875500 -0.409444 0.630507 0.512518 0.414900
1403638551.727829 1.590417 10.424551 1.903386 -0.401493 0.645684 0.494014 0.421718
1403638551.827830 1.641836 10.524763 1.925391 -0.391805 0.659066 0.476069 0.430672
1403638551.927830 1.700854 10.616129 1.946006 -0.379693 0.665804 0.465179 0.442884
1403638552.027829 1.766039 10.697947 1.972206 -0.368969 0.667566 0.458885 0.455677
1403638552.127830 1.835460 10.773648 2.004891 -0.361197 0.670579 0.455001 0.461340
1403638552.227829 1.907623 10.839212 2.041640 -0.356524 0.675515 0.452907 0.459832
1403638552.327830 1.982664 10.897429 2.080502 -0.354462 0.678173 0.451634 0.458764
1403638552.427830 2.062064 10.952474 2.115690 -0.360229 0.676613 0.446640 0.461457
1403638552.527829 2.144230 10.994130 2.146207 -0.367110 0.673026 0.441898 0.465824
1403638552.627830 2.231814 11.033215 2.171515 -0.370638 0.669502 0.440518 0.469402
1403638552.727829 2.322238 11.061862 2.189600 -0.370490 0.668686 0.442456 0.468859
1403638552.827830 2.415491 11.081243 2.202545 -0.369281 0.667462 0.445589 0.468590
1403638552.927830 2.510805 11.095728 2.209332 -0.365318 0.665993 0.451290 0.468330
1403638553.027829 2.608680 11.102317 2.213093 -0.360510 0.663659 0.457351 0.469489
1403638553.127830 2.706577 11.106261 2.212482 -0.360953 0.660689 0.459763 0.470979
1403638553.227829 2.805263 11.103535 2.210739 -0.369124 0.655552 0.456139 0.475328
1403638553.327830 2.904626 11.094108 2.211620 -0.373960 0.649669 0.454693 0.480977
1403638553.427830 3.003139 11.074374 2.218340 -0.371808 0.644426 0.457558 0.486944
1403638553.527829 3.099678 11.044215 2.230973 -0.368613 0.639943 0.460999 0.492013
1403638553.627830 3.192992 10.999106 2.247556 -0.365679 0.636953 0.463695 0.495537
1403638553.727829 3.283904 10.944221 2.271687 -0.364127 0.636579 0.465707 0.495273
1403638553.827830 3.371394 10.880976 2.302547 -0.361927 0.637937 0.467675 0.493281
1403638553.927830 3.449753 10.806302 2.336711 -0.359753 0.639791 0.468940 0.491265
1403638554.027829 3.533069 10.732954 2.372696 -0.360191 0.644403 0.468733 0.485073
1403638554.127830 3.603879 10.644935 2.398296 -0.357835 0.646198 0.470437 0.482775
1403638554.227829 3.684702 10.566226 2.424795 -0.349580 0.651298 0.476677 0.475797
1403638554.327830 3.751689 10.473384 2.438795 -0.342472 0.655833 0.481976 0.469356
1403638554.427830 3.827679 10.393643 2.456820 -0.338792 0.658269 0.485035 0.465449
1403638554.527829 3.895850 10.311994 2.469600 -0.337201 0.659043 0.486414 0.464068
1403638554.627830 3.960350 10.230069 2.478611 -0.340004 0.660835 0.484970 0.460975
1403638554.727829 4.021746 10.143333 2.489707 -0.345692 0.661691 0.481251 0.459412
1403638554.827830 4.084513 10.062793 2.507881 -0.350202 0.662507 0.478585 0.457602
1403638554.927830 4.147115 9.979780 2.528175 -0.353542 0.662762 0.476025 0.457335
1403638555.027829 4.211213 9.896380 2.544980 -0.353878 0.664514 0.471726 0.458984
1403638555.127830 4.279678 9.818277 2.558725 -0.347645 0.669127 0.466872 0.461997
1403638555.227829 4.347253 9.732040 2.563340 -0.341611 0.675959 0.458570 0.464860
1403638555.327830 4.418313 9.650479 2.568145 -0.335667 0.681221 0.451715 0.468208
1403638555.427830 4.491133 9.566033 2.568736 -0.327937 0.683423 0.448858 0.473198
1403638555.527829 4.562973 9.481150 2.563971 -0.324996 0.685506 0.445259 0.475608
1403638555.627830 4.634709 9.396188 2.560226 -0.322674 0.686543 0.443780 0.477073
1403638555.727829 4.706348 9.310136 2.566164 -0.322953 0.688044 0.442470 0.475939
1403638555.827830 4.776997 9.222647 2.581056 -0.321465 0.688380 0.443633 0.475378
1403638555.927830 4.847025 9.134430 2.599255 -0.320076 0.688070 0.445164 0.475331
1403638556.027829 4.919697 9.052865 2.625193 -0.319142 0.686899 0.446549 0.476353
1403638556.127830 4.988230 8.975485 2.650271 -0.317832 0.688925 0.447636 0.473273
1403638556.227829 5.062097 8.896637 2.669165 -0.315744 0.693503 0.448890 0.466752
1403638556.327830 5.132766 8.821873 2.682810 -0.314736 0.696127 0.449504 0.462920
1403638556.427830 5.207526 8.754424 2.695241 -0.313688 0.698111 0.450227 0.459930
1403638556.527829 5.281894 8.690352 2.705368 -0.310845 0.701684 0.451538 0.455113
1403638556.627830 5.357694 8.638049 2.716579 -0.315024 0.704841 0.447738 0.451098
1403638556.727829 5.436827 8.591533 2.731150 -0.322477 0.704479 0.441637 0.452410
1403638556.827830 5.521549 8.538224 2.754056 -0.328691 0.701643 0.437261 0.456577
1403638556.927830 5.610726 8.495441 2.782936 -0.333323 0.700363 0.433826 0.458456
1403638557.027829 5.706510 8.450429 2.810168 -0.334498 0.699110 0.433218 0.460085
1403638557.127830 5.809036 8.403017 2.830537 -0.332106 0.697338 0.435505 0.462343
1403638557.227829 5.912299 8.352085 2.844000 -0.331094 0.695971 0.436575 0.464116
1403638557.327830 6.020797 8.300739 2.853100 -0.329929 0.695075 0.437811 0.465122
1403638557.427830 6.131016 8.258807 2.858785 -0.326586 0.693094 0.440842 0.467569
1403638557.527829 6.244008 8.211835 2.870819 -0.320840 0.690341 0.445225 0.471450
1403638557.627830 6.354978 8.165323 2.888220 -0.317501 0.688151 0.447718 0.474542
1403638557.727829 6.463309 8.122273 2.910054 -0.316321 0.687506 0.448421 0.475601
1403638557.827830 6.571921 8.078682 2.930514 -0.314332 0.687255 0.449210 0.476536
1403638557.927830 6.678478 8.035685 2.944362 -0.311533 0.687537 0.450911 0.476361
1403638558.027829 6.784685 7.993147 2.951219 -0.309961 0.690204 0.451974 0.472507
1403638558.127830 6.888428 7.953083 2.951946 -0.307980 0.695280 0.452886 0.465433
1403638558.227829 6.996551 7.913339 2.957453 -0.305152 0.701481 0.454222 0.456605
1403638558.327830 7.104187 7.881784 2.968995 -0.301046 0.703178 0.456580 0.454364
1403638558.427830 7.213915 7.856597 2.991666 -0.295007 0.705560 0.460189 0.450979
1403638558.527829 7.323137 7.839806 3.020801 -0.291643 0.708744 0.461738 0.446570
1403638558.627830 7.436386 7.832123 3.057087 -0.296554 0.709979 0.457811 0.445415
1403638558.727829 7.551434 7.833913 3.096268 -0.306989 0.710525 0.449955 0.445481
1403638558.827830 7.667650 7.842893 3.131526 -0.312370 0.710033 0.445661 0.446838
1403638558.927830 7.790162 7.854714 3.158140 -0.313147 0.706906 0.445045 0.451839
1403638559.027829 7.914492 7.871472 3.177630 -0.313723 0.701794 0.444922 0.459464
1403638559.127830 8.039742 7.891892 3.189590 -0.314722 0.698017 0.444659 0.464760
1403638559.227829 8.164293 7.914983 3.194832 -0.313703 0.694742 0.446218 0.468843
1403638559.327830 8.288807 7.939436 3.193484 -0.311891 0.692388 0.448290 0.471550
1403638559.427830 8.410062 7.964783 3.185935 -0.307702 0.689742 0.451963 0.474663
1403638559.527829 8.527105 7.991154 3.174215 -0.306281 0.687856 0.453406 0.476937
1403638559.627830 8.641351 8.018708 3.158207 -0.306518 0.686151 0.453971 0.478699
1403638559.727829 8.752983 8.047545 3.142246 -0.306877 0.685237 0.454536 0.479242
1403638559.827830 8.861253 8.077990 3.131364 -0.308134 0.685798 0.454555 0.477612
1403638559.927830 8.965893 8.110370 3.125240 -0.308323 0.686885 0.451993 0.478359
1403638560.027829 9.073972 8.143176 3.115203 -0.305273 0.692736 0.442569 0.480685
1403638560.127830 9.180008 8.175313 3.098092 -0.297921 0.701759 0.426837 0.486402
1403638560.227829 9.283552 8.207535 3.074846 -0.286253 0.712389 0.407235 0.494693
1403638560.327830 9.384585 8.238951 3.049121 -0.274311 0.721465 0.384319 0.506499
1403638560.427830 9.485930 8.268688 3.022848 -0.262397 0.729569 0.359672 0.519146
1403638560.527829 9.584646 8.297305 2.991145 -0.249777 0.737694 0.334142 0.530819
1403638560.627830 9.678199 8.321634 2.955138 -0.239546 0.747998 0.306171 0.537938
1403638560.727829 9.766331 8.340165 2.918354 -0.232261 0.758189 0.278599 0.541837
1403638560.827830 9.851462 8.351178 2.887792 -0.221792 0.765521 0.255504 0.547270
1403638560.927830 9.936370 8.356137 2.864459 -0.211418 0.771188 0.232824 0.553501
1403638561.027829 10.018678 8.352433 2.849976 -0.198374 0.773596 0.213010 0.562871
1403638561.127830 10.095312 8.339457 2.841770 -0.186619 0.775947 0.193619 0.570607
1403638561.227829 10.170857 8.320152 2.840973 -0.177464 0.776995 0.178079 0.577125
1403638561.327830 10.241109 8.293913 2.846135 -0.171224 0.778517 0.168171 0.579924
1403638561.427830 10.306812 8.260008 2.849090 -0.159312 0.784604 0.168604 0.574969
1403638561.527829 10.368559 8.219015 2.847344 -0.146922 0.789097 0.173634 0.570606
1403638561.627830 10.427485 8.176006 2.838932 -0.140269 0.791855 0.177440 0.567279
1403638561.727829 10.482657 8.131061 2.826156 -0.138878 0.792687 0.179931 0.565672
1403638561.827830 10.534961 8.085999 2.807438 -0.137497 0.792161 0.181924 0.566109
1403638561.927830 10.584749 8.037880 2.784782 -0.133323 0.792111 0.180774 0.567545
1403638562.027829 10.631981 7.989980 2.758097 -0.127823 0.793469 0.173336 0.569230
1403638562.127830 10.675570 7.939115 2.739300 -0.120431 0.795427 0.163550 0.571002
1403638562.227829 10.713005 7.889903 2.724757 -0.113305 0.796727 0.155235 0.572966
1403638562.327830 10.754944 7.841391 2.717410 -0.107387 0.797879 0.145502 0.575054
1403638562.427830 10.790617 7.792603 2.713765 -0.100452 0.799256 0.131648 0.577727
1403638562.527829 10.825211 7.743155 2.716199 -0.091480 0.802176 0.113860 0.578948
1403638562.627830 10.857748 7.692995 2.724687 -0.082788 0.804130 0.091386 0.581523
1403638562.727829 10.886779 7.641090 2.736762 -0.073798 0.806528 0.066457 0.582795
1403638562.827830 10.912065 7.585684 2.747116 -0.062478 0.808121 0.040948 0.584260
1403638562.927830 10.930273 7.527615 2.752214 -0.048639 0.809417 0.016943 0.584971
1403638563.027829 10.946106 7.465158 2.751632 -0.036504 0.809492 -0.005885 0.585966
1403638563.127830 10.961920 7.398268 2.745029 -0.029614 0.809780 -0.029793 0.585228
1403638563.227829 10.965803 7.326834 2.736947 -0.016220 0.807939 -0.045638 0.587273
1403638563.327830 10.966455 7.252213 2.723408 -0.006309 0.803295 -0.056470 0.592864
1403638563.427830 10.960917 7.173477 2.705257 -0.002352 0.794628 -0.064651 0.603640
1403638563.527829 10.947753 7.091316 2.681889 0.001290 0.792411 -0.067296 0.606262
1403638563.627830 10.927077 7.005005 2.662026 0.004960 0.795092 -0.066507 0.602811
1403638563.727829 10.899379 6.913832 2.649159 0.002536 0.797972 -0.067115 0.598941
1403638563.827830 10.866866 6.816941 2.643372 -0.001211 0.799370 -0.067125 0.597076
1403638563.927830 10.828780 6.714721 2.646820 -0.004534 0.798804 -0.065942 0.597949
1403638564.027829 10.785977 6.606487 2.651581 -0.008399 0.798451 -0.063669 0.598625
1403638564.127830 10.735195 6.494216 2.651490 -0.011666 0.798321 -0.060303 0.599092
1403638564.227829 10.679284 6.375727 2.647275 -0.012073 0.797625 -0.054825 0.600536
1403638564.327830 10.621153 6.248449 2.645056 -0.010245 0.796631 -0.048302 0.602446
1403638564.427830 10.552813 6.121377 2.649615 -0.010565 0.794688 -0.044363 0.605303
1403638564.527829 10.479791 5.989006 2.661083 -0.011774 0.794749 -0.042033 0.605366
1403638564.627830 10.395270 5.857159 2.673482 -0.015873 0.796892 -0.042926 0.602386
1403638564.727829 10.307685 5.719570 2.683506 -0.020797 0.798284 -0.046188 0.600147
1403638564.827830 10.211844 5.577344 2.684504 -0.023581 0.798479 -0.049244 0.599541
1403638564.927830 10.114307 5.431264 2.676556 -0.025772 0.797665 -0.051736 0.600325
1403638565.027829 10.008342 5.276097 2.644733 -0.027084 0.797615 -0.052598 0.600258
1403638565.127830 9.900091 5.117174 2.603514 -0.028001 0.798272 -0.053262 0.599284
1403638565.227829 9.790077 4.950859 2.549344 -0.027646 0.799125 -0.052866 0.598197
1403638565.327830 9.675966 4.778368 2.490747 -0.025316 0.800028 -0.052012 0.597168
1403638565.427830 9.558429 4.602434 2.429932 -0.022996 0.800898 -0.050735 0.596204
1403638565.527829 9.437536 4.420525 2.372209 -0.017487 0.798842 -0.049064 0.599281
1403638565.627830 9.313416 4.235259 2.322167 -0.008989 0.797274 -0.045580 0.601827
1403638565.727829 9.185699 4.049814 2.279825 0.003175 0.798385 -0.039246 0.600859
1403638565.827830 9.052064 3.866220 2.244408 0.009439 0.801344 -0.036713 0.597002
1403638565.927830 8.912493 3.685362 2.216343 0.015469 0.803706 -0.034751 0.593809
1403638566.027829 8.770540 3.509258 2.184913 0.016276 0.804863 -0.035764 0.592158
1403638566.127830 8.626247 3.337008 2.147009 0.016737 0.805008 -0.036201 0.591922
1403638566.227829 8.479818 3.166757 2.099125 0.017094 0.804684 -0.036002 0.592364
1403638566.327830 8.334827 3.000027 2.043826 0.016459 0.805709 -0.035940 0.590990
1403638566.427830 8.189424 2.835909 1.981011 0.016033 0.805588 -0.034679 0.591242
1403638566.527829 8.045452 2.675994 1.912059 0.013979 0.805917 -0.034034 0.590884
1403638566.627830 7.902174 2.521144 1.835840 0.012055 0.812532 -0.032920 0.581861
1403638566.727829 7.762043 2.372085 1.753094 0.010924 0.824820 -0.031945 0.564387
1403638566.827830 7.628406 2.224062 1.666850 0.011277 0.834495 -0.028858 0.550144
1403638566.927830 7.500311 2.077866 1.578247 0.010959 0.840674 -0.026268 0.540793
1403638567.027829 7.378662 1.933487 1.488522 0.009781 0.840489 -0.024971 0.541165
1403638567.127830 7.270749 1.796318 1.400442 0.011560 0.827900 -0.022417 0.560308
1403638567.227829 7.167302 1.661665 1.309047 0.013256 0.816599 -0.020801 0.576678
1403638567.327830 7.062177 1.528779 1.210827 0.016443 0.810949 -0.019538 0.584560
1403638567.427830 6.957443 1.400784 1.112904 0.018710 0.810479 -0.019831 0.585133
1403638567.527829 6.851277 1.275157 1.019661 0.020342 0.813015 -0.020967 0.581509
1403638567.627830 6.743812 1.153075 0.935353 0.022416 0.816868 -0.022071 0.575966
1403638567.727829 6.639996 1.036422 0.861142 0.025006 0.820046 -0.022710 0.571300
1403638567.827830 6.540717 0.924777 0.796486 0.026911 0.824069 -0.023101 0.565379
1403638567.927830 6.449140 0.818418 0.739555 0.024558 0.825617 -0.025680 0.563112
1403638568.027829 6.362301 0.717681 0.689801 0.025764 0.826292 -0.025790 0.562061
1403638568.127830 6.279831 0.620472 0.650271 0.028523 0.825449 -0.024288 0.563232
1403638568.227829 6.203038 0.530550 0.620117 0.030643 0.824774 -0.023218 0.564154
1403638568.327830 6.129982 0.444582 0.593852 0.031442 0.824948 -0.023203 0.563857
1403638568.427830 6.058796 0.364740 0.561970 0.031600 0.826206 -0.023652 0.561984
1403638568.527829 5.993392 0.286602 0.528009 0.032263 0.827003 -0.023115 0.560795
1403638568.627830 5.930811 0.214442 0.487895 0.032901 0.828638 -0.022754 0.558354
1403638568.727829 5.873137 0.145538 0.450053 0.034465 0.830018 -0.021076 0.556271
1403638568.827830 5.818980 0.082714 0.418371 0.032432 0.829982 -0.022083 0.556408
1403638568.927830 5.769763 0.025541 0.392208 0.033483 0.829940 -0.021444 0.556433
1403638569.027829 5.726959 -0.024986 0.374872 0.033522 0.829071 -0.021480 0.557724
1403638569.127830 5.687256 -0.072275 0.366859 0.035092 0.829209 -0.020288 0.557467
1403638569.227829 5.648034 -0.117777 0.362720 0.036997 0.830728 -0.019346 0.555110
1403638569.327830 5.616656 -0.154464 0.353895 0.038145 0.831441 -0.019161 0.553970
1403638569.427830 5.588264 -0.188801 0.342646 0.039026 0.830480 -0.018588 0.555369
1403638569.527829 5.566936 -0.216053 0.323846 0.039094 0.829263 -0.018299 0.557189
1403638569.627830 5.550444 -0.237620 0.306337 0.038642 0.827873 -0.018909 0.559264
1403638569.727829 5.538943 -0.253172 0.296085 0.039442 0.826981 -0.018579 0.560537
1403638569.827830 5.530364 -0.261595 0.292772 0.039420 0.826359 -0.018133 0.561470
1403638569.927830 5.526083 -0.265311 0.294681 0.040515 0.824550 -0.017463 0.564067
1403638570.027829 5.525538 -0.263020 0.297542 0.038329 0.823385 -0.018683 0.565879
1403638570.127830 5.527237 -0.255661 0.295821 0.034793 0.823554 -0.021011 0.565780
1403638570.227829 5.530265 -0.245533 0.287927 0.028705 0.823128 -0.024368 0.566606
1403638570.327830 5.534626 -0.233941 0.274288 0.019897 0.822868 -0.030693 0.567054
1403638570.427830 5.540437 -0.222000 0.256262 0.016238 0.822594 -0.040840 0.566928
1403638570.527829 5.549620 -0.212703 0.231712 0.009967 0.821457 -0.062769 0.566717
1403638570.627830 5.553674 -0.209833 0.202219 0.005845 0.817853 -0.091900 0.568011
1403638570.727829 5.559089 -0.216773 0.169535 0.011341 0.810027 -0.119432 0.573989
1403638570.827830 5.559700 -0.233241 0.135334 0.020798 0.797609 -0.146477 0.584749
1403638570.927830 5.553701 -0.260118 0.098154 0.034926 0.787857 -0.169300 0.591100
1403638571.027829 5.540578 -0.298528 0.057147 0.050046 0.781152 -0.190408 0.592487
1403638571.127830 5.519241 -0.346641 0.013030 0.070190 0.782322 -0.206347 0.583495
1403638571.227829 5.489435 -0.402516 -0.024355 0.091605 0.784764 -0.215000 0.574046
1403638571.327830 5.453887 -0.464060 -0.051714 0.109834 0.785217 -0.219740 0.568406
1403638571.427830 5.412000 -0.528222 -0.068797 0.117644 0.783071 -0.225734 0.567454
1403638571.527829 5.364429 -0.595694 -0.078353 0.123568 0.780005 -0.229043 0.569089
1403638571.627830 5.311755 -0.665752 -0.089382 0.130143 0.778680 -0.235896 0.566633
1403638571.727829 5.255908 -0.738880 -0.105397 0.137053 0.778598 -0.247517 0.560122
1403638571.827830 5.197835 -0.814833 -0.128086 0.145307 0.777149 -0.262853 0.553022
1403638571.927830 5.135409 -0.894446 -0.148164 0.152527 0.772342 -0.282060 0.548331
1403638572.027829 5.071349 -0.978172 -0.163145 0.161338 0.765837 -0.301535 0.544556
1403638572.127830 5.004131 -1.065937 -0.169752 0.172297 0.758442 -0.319509 0.541288
1403638572.227829 4.932363 -1.156334 -0.168210 0.188871 0.752879 -0.334314 0.534541
1403638572.327830 4.859270 -1.249353 -0.165457 0.202149 0.748564 -0.352122 0.524212
1403638572.427830 4.786090 -1.346670 -0.166603 0.215737 0.743736 -0.368831 0.514080
1403638572.527829 4.713390 -1.446975 -0.169696 0.228350 0.740247 -0.379399 0.505911
1403638572.627830 4.642554 -1.550973 -0.173241 0.236837 0.737007 -0.385953 0.501766
1403638572.727829 4.573486 -1.658757 -0.172255 0.243904 0.736688 -0.388505 0.496855
1403638572.827830 4.507739 -1.770319 -0.162610 0.249663 0.738825 -0.387635 0.491472
1403638572.927830 4.446655 -1.885227 -0.145698 0.251005 0.740711 -0.387051 0.488401
1403638573.027829 4.389799 -2.002954 -0.128996 0.251358 0.743173 -0.385900 0.485380
1403638573.127830 4.337507 -2.123794 -0.118305 0.250067 0.745391 -0.384303 0.483911
1403638573.227829 4.289465 -2.246692 -0.111999 0.248515 0.746316 -0.382547 0.484675
1403638573.327830 4.247449 -2.371943 -0.105295 0.247031 0.747367 -0.380491 0.485432
1403638573.427830 4.210432 -2.498785 -0.096667 0.248106 0.748445 -0.380961 0.482849
1403638573.527829 4.180590 -2.629228 -0.081317 0.251130 0.748261 -0.381049 0.481499
1403638573.627830 4.147423 -2.766620 -0.061666 0.252251 0.747868 -0.381326 0.481304
1403638573.727829 4.124062 -2.901537 -0.033843 0.256607 0.747200 -0.383244 0.478506
1403638573.827830 4.107826 -3.038913 -0.003212 0.267477 0.740070 -0.387347 0.480327
1403638573.927830 4.097089 -3.177093 0.023011 0.281696 0.727587 -0.396087 0.484127
1403638574.027829 4.090661 -3.312495 0.042827 0.289505 0.709308 -0.414375 0.491287
1403638574.127830 4.084992 -3.444134 0.056990 0.295230 0.687777 -0.437386 0.498493
1403638574.227829 4.077284 -3.572144 0.066206 0.302590 0.666665 -0.461115 0.501367
1403638574.327830 4.065491 -3.697072 0.071164 0.313393 0.651006 -0.482448 0.495197
1403638574.427830 4.045135 -3.818886 0.072874 0.327257 0.639169 -0.500822 0.483263
1403638574.527829 4.023761 -3.937536 0.072844 0.339049 0.627939 -0.517944 0.471670
1403638574.627830 3.997752 -4.053539 0.079030 0.349788 0.618377 -0.528583 0.464605
1403638574.727829 3.969027 -4.168122 0.091973 0.362050 0.615435 -0.532758 0.454234
1403638574.827830 3.939396 -4.279566 0.111051 0.368699 0.617544 -0.535564 0.442574
1403638574.927830 3.907463 -4.388285 0.129528 0.367348 0.619814 -0.540210 0.434810
1403638575.027829 3.877388 -4.497458 0.139790 0.363415 0.620665 -0.543919 0.432268
1403638575.127830 3.845127 -4.604442 0.144769 0.356024 0.618180 -0.548566 0.436092
1403638575.227829 3.810575 -4.711422 0.146245 0.351633 0.616092 -0.550352 0.440338
1403638575.327830 3.772962 -4.820778 0.141801 0.347995 0.616764 -0.550820 0.441701
1403638575.427830 3.732628 -4.931280 0.133972 0.344524 0.621917 -0.550445 0.437646
1403638575.527829 3.689251 -5.044539 0.123519 0.343046 0.626672 -0.548253 0.434766
1403638575.627830 3.644838 -5.158933 0.116705 0.345348 0.633352 -0.543783 0.428837
1403638575.727829 3.598562 -5.281190 0.118183 0.347666 0.639640 -0.539188 0.423397
1403638575.827830 3.553519 -5.407394 0.127366 0.348416 0.645539 -0.536604 0.417062
1403638575.927830 3.512104 -5.537921 0.148551 0.347462 0.647415 -0.535474 0.416403
1403638576.027829 3.474699 -5.672446 0.179057 0.347621 0.647829 -0.534199 0.417265
1403638576.127830 3.439185 -5.811289 0.215869 0.348370 0.647597 -0.533482 0.417917
1403638576.227829 3.407500 -5.954753 0.253641 0.350785 0.646720 -0.531807 0.419386
1403638576.327830 3.378619 -6.105539 0.285018 0.355509 0.647796 -0.528657 0.417726
1403638576.427830 3.353018 -6.263216 0.309839 0.358807 0.649944 -0.526548 0.414219
1403638576.527829 3.334969 -6.417549 0.329042 0.364241 0.653701 -0.522882 0.408164
1403638576.627830 3.322656 -6.581317 0.343821 0.367789 0.656515 -0.520570 0.403393
1403638576.727829 3.320757 -6.743695 0.353681 0.371045 0.655804 -0.518126 0.404714
1403638576.827830 3.327035 -6.907681 0.358976 0.375944 0.651739 -0.514698 0.411082
1403638576.927830 3.340379 -7.067028 0.360315 0.376148 0.646083 -0.514949 0.419425
1403638577.027829 3.360082 -7.227053 0.355688 0.372074 0.641328 -0.517920 0.426637
1403638577.127830 3.383150 -7.388037 0.357518 0.368840 0.637654 -0.520575 0.431691
1403638577.227829 3.409511 -7.545184 0.366452 0.366591 0.636039 -0.522374 0.433810
1403638577.327830 3.438816 -7.700853 0.382814 0.370461 0.638421 -0.519535 0.430419
1403638577.427830 3.471030 -7.855060 0.407009 0.376578 0.643079 -0.514604 0.424053
1403638577.527829 3.508834 -8.007557 0.432912 0.376988 0.643718 -0.514043 0.423399
1403638577.627830 3.552069 -8.157731 0.453441 0.374169 0.642861 -0.515977 0.424847
1403638577.727829 3.598735 -8.303933 0.466755 0.371849 0.642629 -0.517424 0.425476
1403638577.827830 3.649781 -8.451065 0.473204 0.369458 0.642377 -0.518600 0.426505
1403638577.927830 3.704235 -8.596187 0.474505 0.369402 0.642614 -0.517861 0.427095
1403638578.027829 3.761717 -8.737377 0.477525 0.370324 0.642821 -0.516412 0.427738
1403638578.127830 3.824373 -8.881726 0.489005 0.367745 0.641344 -0.517175 0.431244
1403638578.227829 3.890453 -9.026641 0.506570 0.359727 0.636265 -0.522272 0.439313
1403638578.327830 3.956431 -9.170111 0.524746 0.353779 0.632846 -0.526254 0.444301
1403638578.427830 4.019640 -9.307037 0.539896 0.353686 0.632202 -0.526716 0.444744
1403638578.527829 4.081913 -9.449269 0.549060 0.353681 0.631667 -0.527261 0.444862
1403638578.627830 4.141373 -9.586715 0.553755 0.354872 0.630790 -0.527135 0.445307
1403638578.727829 4.199722 -9.725819 0.555579 0.358778 0.632359 -0.524784 0.442721
1403638578.827830 4.253924 -9.851216 0.552802 0.364068 0.635983 -0.521133 0.437493
1403638578.927830 4.310587 -9.981370 0.547846 0.368248 0.637191 -0.518288 0.435612
1403638579.027829 4.368652 -10.107509 0.546749 0.370062 0.638298 -0.516174 0.434965
1403638579.127830 4.428131 -10.227608 0.553802 0.370485 0.638546 -0.515134 0.435473
1403638579.227829 4.493100 -10.354560 0.569752 0.370289 0.638501 -0.514870 0.436016
1403638579.327830 4.559456 -10.472513 0.589049 0.367192 0.636884 -0.516517 0.439042
1403638579.427830 4.627476 -10.590999 0.608358 0.359603 0.632276 -0.521767 0.445728
1403638579.527829 4.693639 -10.699268 0.621914 0.354772 0.629035 -0.524059 0.451458
1403638579.627830 4.757775 -10.803587 0.630885 0.356795 0.626647 -0.515954 0.462388
1403638579.727829 4.821427 -10.910172 0.633583 0.358033 0.632394 -0.499809 0.471254
1403638579.827830 4.882049 -11.008819 0.630089 0.351511 0.647781 -0.479773 0.476065
1403638579.927830 4.942985 -11.105092 0.620254 0.337058 0.668618 -0.456680 0.480401
1403638580.027829 5.005963 -11.199983 0.607541 0.320700 0.686205 -0.426895 0.493999
1403638580.127830 5.070808 -11.287307 0.593545 0.304020 0.699276 -0.390555 0.515802
1403638580.227829 5.131574 -11.363960 0.574253 0.280526 0.715160 -0.353853 0.533516
1403638580.327830 5.191444 -11.432097 0.549684 0.251691 0.732713 -0.322430 0.543896
1403638580.427830 5.242019 -11.492167 0.518310 0.221417 0.746470 -0.301912 0.550097
1403638580.527829 5.290568 -11.549825 0.485871 0.200271 0.755086 -0.287631 0.554080
1403638580.627830 5.331402 -11.603992 0.449542 0.184077 0.763377 -0.273832 0.555326
1403638580.727829 5.369108 -11.656234 0.417935 0.170407 0.774312 -0.258124 0.552064
1403638580.827830 5.403838 -11.708363 0.396838 0.163291 0.782428 -0.245251 0.548629
1403638580.927830 5.436905 -11.759449 0.384964 0.159250 0.786695 -0.237160 0.547270
1403638581.027829 5.468412 -11.809564 0.380833 0.154927 0.787844 -0.235151 0.547726
1403638581.127830 5.502638 -11.859645 0.388599 0.156059 0.788317 -0.233447 0.547452
1403638581.227829 5.537249 -11.907152 0.402649 0.158931 0.788445 -0.233103 0.546588
1403638581.327830 5.567037 -11.953115 0.413227 0.162805 0.788062 -0.233727 0.545733
1403638581.427830 5.597415 -11.997796 0.423892 0.166167 0.786190 -0.234754 0.546977
1403638581.527829 5.627340 -12.034752 0.445863 0.168900 0.784908 -0.237199 0.546927
1403638581.627830 5.658509 -12.066511 0.475751 0.173103 0.782471 -0.238534 0.548521
1403638581.727829 5.686342 -12.096756 0.495234 0.177774 0.777812 -0.238391 0.553692
1403638581.827830 5.713963 -12.117880 0.517943 0.179725 0.776050 -0.239952 0.554859
1403638581.927830 5.739849 -12.130817 0.537317 0.183264 0.769261 -0.239692 0.563205
1403638582.027829 5.760936 -12.146021 0.542224 0.185540 0.765779 -0.238892 0.567528
1403638582.127830 5.783235 -12.159414 0.552385 0.183473 0.772094 -0.241304 0.558553
1403638582.227829 5.804629 -12.173003 0.569430 0.180566 0.778135 -0.243692 0.550014
1403638582.327830 5.827352 -12.186584 0.597781 0.182650 0.776657 -0.241870 0.552215
1403638582.427830 5.854779 -12.202026 0.635223 0.184230 0.774209 -0.240370 0.555772
1403638582.527829 5.879901 -12.209337 0.684217 0.185311 0.773087 -0.239382 0.557398
1403638582.627830 5.905438 -12.216972 0.739048 0.185850 0.772963 -0.238839 0.557623
1403638582.727829 5.928724 -12.215187 0.806740 0.185012 0.775529 -0.239813 0.553909
1403638582.827830 5.953370 -12.215474 0.874411 0.184412 0.776871 -0.240720 0.551831
1403638582.927830 5.974743 -12.206145 0.944774 0.184136 0.778125 -0.241893 0.549639
1403638583.027829 5.995216 -12.193837 1.006290 0.183210 0.780838 -0.243516 0.545368
1403638583.127830 6.015386 -12.179050 1.059603 0.182671 0.782881 -0.244696 0.542081
1403638583.227829 6.037104 -12.162678 1.105895 0.181735 0.783890 -0.246152 0.540276
1403638583.327830 6.061142 -12.146996 1.138512 0.182157 0.783761 -0.245914 0.540430
1403638583.427830 6.084579 -12.126496 1.173973 0.181840 0.784074 -0.246156 0.539972
1403638583.527829 6.110294 -12.105049 1.212373 0.181530 0.784646 -0.246226 0.539212
1403638583.627830 6.137761 -12.081165 1.259628 0.182345 0.784546 -0.245653 0.539345
1403638583.727829 6.166177 -12.053342 1.311414 0.183615 0.784435 -0.244886 0.539423
1403638583.827830 6.201935 -12.025705 1.341963 0.184239 0.784261 -0.244288 0.539736
1403638583.927830 6.236333 -11.996486 1.380453 0.183999 0.783441 -0.244292 0.541005
1403638584.027829 6.269549 -11.964608 1.413053 0.185081 0.782756 -0.243496 0.541985
1403638584.127830 6.309052 -11.930983 1.429627 0.189548 0.775841 -0.240079 0.551819
1403638584.227829 6.345166 -11.894506 1.452833 0.193930 0.766198 -0.236302 0.565237
1403638584.327830 6.377245 -11.850410 1.452478 0.195414 0.760343 -0.234885 0.573168
1403638584.427830 6.394784 -11.794114 1.437321 0.195255 0.759378 -0.234730 0.574563
1403638584.527829 6.404246 -11.731549 1.418848 0.194627 0.758889 -0.234893 0.575354
1403638584.627830 6.416111 -11.669000 1.422244 0.194233 0.760105 -0.234674 0.573970
1403638584.727829 6.427201 -11.598739 1.437685 0.192049 0.763762 -0.235856 0.569348
1403638584.827830 6.424477 -11.520357 1.430759 0.187361 0.771814 -0.239019 0.558631
1403638584.927830 6.428945 -11.441256 1.451742 0.182197 0.777863 -0.243187 0.550085
1403638585.027829 6.419343 -11.357540 1.441972 0.180412 0.780556 -0.244452 0.546286
1403638585.127830 6.406053 -11.281104 1.426220 0.178941 0.780740 -0.245492 0.546039
1403638585.227829 6.407685 -11.200328 1.427030 0.178900 0.779630 -0.245691 0.547547
1403638585.327830 6.403123 -11.124643 1.419249 0.179910 0.777281 -0.244553 0.551053
1403638585.427830 6.404738 -11.043958 1.411901 0.179668 0.776724 -0.244352 0.552007
1403638585.527829 6.400569 -10.966984 1.402699 0.179754 0.777704 -0.244151 0.550687
1403638585.627830 6.406548 -10.884836 1.406584 0.178928 0.779775 -0.244320 0.547945
1403638585.727829 6.411263 -10.802263 1.416731 0.177558 0.783810 -0.245180 0.542219
1403638585.827830 6.404786 -10.725496 1.433172 0.174442 0.788417 -0.247122 0.535630
1403638585.927830 6.402400 -10.648601 1.459685 0.171132 0.790722 -0.249600 0.532139
1403638586.027829 6.405783 -10.571473 1.494903 0.171241 0.787948 -0.249930 0.536050
1403638586.127830 6.422607 -10.495792 1.524956 0.173656 0.784217 -0.249661 0.540847
1403638586.227829 6.427868 -10.415749 1.549554 0.175510 0.781771 -0.248611 0.544264
1403638586.327830 6.444341 -10.340825 1.567253 0.178931 0.778586 -0.246827 0.548511
1403638586.427830 6.447177 -10.264193 1.581089 0.186621 0.775925 -0.241871 0.551916
1403638586.527829 6.460205 -10.182932 1.590330 0.193322 0.774897 -0.237739 0.552848
1403638586.627830 6.460296 -10.094458 1.591253 0.190747 0.775340 -0.239544 0.552343
1403638586.727829 6.472653 -10.010535 1.586990 0.187273 0.775321 -0.242135 0.552429
1403638586.827830 6.484121 -9.924740 1.576651 0.184196 0.774482 -0.244117 0.553766
1403638586.927830 6.486483 -9.835920 1.560016 0.184096 0.773824 -0.243609 0.554941
1403638587.027829 6.494705 -9.748567 1.539063 0.183264 0.773656 -0.243888 0.555328
1403638587.127830 6.495573 -9.656370 1.519970 0.182447 0.773788 -0.244446 0.555167
1403638587.227829 6.500509 -9.564724 1.509010 0.182173 0.776062 -0.243916 0.552310
1403638587.327830 6.500602 -9.472164 1.506886 0.181750 0.777612 -0.244440 0.550033
1403638587.427830 6.504722 -9.377662 1.508305 0.180308 0.778233 -0.245407 0.549198
1403638587.527829 6.505218 -9.280585 1.509894 0.179019 0.777937 -0.246426 0.549582
1403638587.627830 6.509875 -9.184562 1.506653 0.178063 0.777877 -0.247685 0.549411
1403638587.727829 6.511750 -9.087627 1.496980 0.178359 0.777701 -0.247658 0.549577
1403638587.827830 6.516715 -8.992860 1.483687 0.177652 0.777225 -0.248871 0.549931
1403638587.927830 6.521549 -8.899329 1.463674 0.177317 0.776851 -0.249350 0.550351
1403638588.027829 6.524233 -8.806082 1.441843 0.177155 0.776183 -0.249395 0.551324
1403638588.127830 6.528046 -8.715338 1.415110 0.180403 0.776544 -0.247133 0.550780
1403638588.227829 6.529090 -8.625107 1.387722 0.186711 0.777479 -0.242474 0.549429
1403638588.327830 6.532742 -8.533796 1.362008 0.187378 0.778123 -0.241552 0.548696
1403638588.427830 6.535018 -8.434048 1.348090 0.187235 0.777991 -0.241457 0.548973
1403638588.527829 6.539492 -8.335554 1.339296 0.185037 0.777732 -0.242901 0.549449
1403638588.627830 6.542806 -8.232255 1.339865 0.182781 0.777071 -0.244111 0.550601
1403638588.727829 6.544249 -8.128379 1.346127 0.180101 0.775373 -0.246067 0.553002
1403638588.827830 6.544730 -8.023258 1.355350 0.179312 0.774721 -0.246835 0.553829
1403638588.927830 6.548789 -7.921264 1.357569 0.178029 0.774515 -0.248346 0.553856
1403638589.027829 6.546394 -7.816140 1.352670 0.177935 0.774476 -0.249057 0.553621
1403638589.127830 6.542758 -7.709236 1.339729 0.179401 0.774609 -0.248572 0.553180
1403638589.227829 6.547727 -7.609828 1.325515 0.179573 0.774365 -0.248596 0.553455
1403638589.327830 6.553127 -7.509873 1.306377 0.179787 0.773758 -0.248734 0.554172
1403638589.427830 6.547841 -7.403150 1.288619 0.179167 0.773797 -0.248962 0.554216
1403638589.527829 6.547649 -7.300015 1.278253 0.178964 0.774207 -0.249005 0.553689
1403638589.627830 6.540720 -7.191905 1.273820 0.179387 0.774019 -0.248786 0.553914
1403638589.727829 6.537464 -7.090119 1.282136 0.178665 0.775813 -0.249570 0.551278
1403638589.827830 6.528854 -6.983726 1.289780 0.178293 0.776625 -0.250528 0.549819
1403638589.927830 6.524015 -6.879167 1.297164 0.179498 0.777133 -0.250550 0.548697
1403638590.027829 6.515221 -6.776593 1.294818 0.178523 0.776687 -0.251981 0.548992
1403638590.127830 6.506510 -6.674609 1.291446 0.179135 0.776165 -0.252213 0.549425
1403638590.227829 6.496732 -6.571933 1.279800 0.179537 0.775308 -0.252495 0.550373
1403638590.327830 6.487606 -6.474227 1.267670 0.179456 0.775026 -0.252661 0.550720
1403638590.427830 6.476812 -6.381641 1.249183 0.179764 0.776077 -0.252868 0.549042
1403638590.527829 6.463287 -6.288986 1.231748 0.178472 0.776153 -0.253634 0.549003
1403638590.627830 6.450828 -6.190758 1.216946 0.177541 0.778197 -0.254111 0.546183
1403638590.727829 6.436873 -6.098277 1.212987 0.175223 0.779225 -0.255498 0.544817
1403638590.827830 6.426379 -6.003869 1.215400 0.175349 0.780284 -0.255257 0.543373
1403638590.927830 6.415642 -5.911495 1.225048 0.174373 0.780821 -0.255960 0.542584
1403638591.027829 6.405256 -5.819019 1.240266 0.173202 0.781571 -0.257166 0.541308
1403638591.127830 6.394365 -5.728357 1.255009 0.172463 0.784208 -0.257949 0.537342
1403638591.227829 6.386626 -5.639635 1.262212 0.170785 0.789150 -0.259678 0.529756
1403638591.327830 6.380335 -5.553509 1.262012 0.167332 0.794784 -0.262360 0.521042
1403638591.427830 6.380312 -5.471912 1.257704 0.164817 0.797948 -0.264605 0.515847
1403638591.527829 6.386465 -5.397204 1.248665 0.161857 0.800492 -0.267011 0.511586
1403638591.627830 6.397488 -5.328155 1.233528 0.159788 0.802511 -0.268522 0.508271
1403638591.727829 6.417298 -5.270406 1.217738 0.159593 0.801381 -0.269244 0.509731
1403638591.827830 6.443334 -5.220149 1.201917 0.161057 0.798977 -0.268052 0.513658
1403638591.927830 6.474212 -5.180599 1.191357 0.162275 0.796346 -0.266650 0.518071
1403638592.027829 6.511704 -5.149941 1.189480 0.162801 0.793707 -0.266018 0.522263
1403638592.127830 6.553843 -5.131010 1.196131 0.162765 0.792211 -0.264568 0.525275
1403638592.227829 6.600059 -5.117859 1.212979 0.158775 0.787596 -0.261117 0.535070
1403638592.327830 6.648721 -5.112148 1.240260 0.151737 0.782951 -0.254283 0.547086
1403638592.427830 6.696886 -5.109067 1.274372 0.140672 0.782641 -0.242510 0.555764
1403638592.527829 6.740655 -5.107617 1.315366 0.130135 0.787979 -0.227946 0.556951
1403638592.627830 6.780193 -5.107115 1.362191 0.123302 0.795476 -0.214800 0.553060
1403638592.727829 6.819214 -5.109371 1.411905 0.117536 0.802758 -0.205385 0.547340
1403638592.827830 6.858558 -5.114809 1.457105 0.112278 0.809160 -0.199918 0.541006
1403638592.927830 6.898739 -5.122936 1.497197 0.110360 0.812681 -0.195581 0.537697
1403638593.027829 6.941855 -5.134999 1.532300 0.109369 0.814113 -0.192991 0.536668
1403638593.127830 6.989604 -5.151843 1.562992 0.108948 0.814178 -0.191921 0.537040
1403638593.227829 7.041860 -5.173083 1.599210 0.111959 0.810765 -0.189927 0.542266
1403638593.327830 7.096313 -5.196117 1.643736 0.120163 0.808153 -0.185176 0.546040
1403638593.427830 7.150918 -5.220216 1.690436 0.130355 0.803556 -0.179585 0.552317
1403638593.527829 7.206060 -5.242973 1.730918 0.135743 0.799813 -0.177664 0.557053
1403638593.627830 7.262125 -5.262500 1.764465 0.138848 0.797854 -0.177435 0.559166
1403638593.727829 7.318184 -5.278114 1.792225 0.140788 0.795922 -0.177129 0.561527
1403638593.827830 7.375620 -5.290760 1.814707 0.139836 0.789598 -0.178094 0.570319
1403638593.927830 7.428605 -5.297389 1.843515 0.134267 0.780379 -0.175834 0.584862
1403638594.027829 7.475580 -5.299926 1.874147 0.126394 0.782829 -0.173045 0.584173
1403638594.127830 7.515930 -5.299737 1.909897 0.120823 0.788787 -0.170116 0.578168
1403638594.227829 7.551305 -5.298094 1.946858 0.120637 0.793640 -0.165147 0.572982
1403638594.327830 7.584869 -5.294651 1.978459 0.120931 0.793919 -0.160882 0.573747
1403638594.427830 7.614262 -5.288454 2.015114 0.125360 0.792541 -0.154526 0.576442
1403638594.527829 7.640987 -5.277048 2.051678 0.123924 0.792234 -0.153327 0.577494
1403638594.627830 7.660750 -5.261713 2.099515 0.118150 0.792747 -0.155790 0.577341
1403638594.727829 7.678671 -5.244163 2.143869 0.114411 0.793262 -0.158766 0.576575
1403638594.827830 7.690520 -5.225246 2.186757 0.112906 0.793572 -0.160490 0.575968
1403638594.927830 7.701286 -5.204836 2.218042 0.112815 0.794404 -0.161530 0.574546
1403638595.027829 7.710947 -5.183685 2.243586 0.112138 0.795920 -0.163181 0.572108
1403638595.127830 7.713624 -5.159518 2.267641 0.112042 0.796804 -0.164359 0.570557
1403638595.227829 7.719735 -5.137871 2.280222 0.112859 0.797263 -0.164718 0.569651
1403638595.327830 7.725166 -5.115362 2.288212 0.113314 0.797350 -0.164978 0.569363
1403638595.427830 7.728933 -5.092359 2.291313 0.112984 0.797182 -0.165851 0.569412
1403638595.527829 7.730999 -5.069178 2.289819 0.113032 0.797767 -0.165875 0.568575
1403638595.627830 7.731954 -5.045530 2.289379 0.113641 0.798382 -0.165190 0.567788
1403638595.727829 7.725160 -5.018001 2.301655 0.117877 0.798875 -0.162219 0.567088
1403638595.827830 7.721881 -4.992882 2.307708 0.120656 0.799691 -0.160644 0.565800
1403638595.927830 7.719352 -4.965908 2.305746 0.121918 0.799436 -0.160100 0.566045
1403638596.027829 7.716743 -4.937449 2.290604 0.125946 0.799213 -0.157451 0.566220
1403638596.127830 7.713543 -4.905269 2.269193 0.136227 0.800356 -0.150609 0.564082
1403638596.227829 7.709718 -4.866589 2.251434 0.148097 0.802356 -0.141969 0.560479
1403638596.327830 7.706029 -4.821862 2.239817 0.158887 0.803446 -0.133778 0.557972
1403638596.427830 7.706147 -4.762951 2.243691 0.165685 0.803432 -0.128291 0.557303
1403638596.527829 7.707856 -4.694183 2.255270 0.172261 0.803233 -0.122676 0.556861
1403638596.627830 7.717001 -4.613462 2.271086 0.179483 0.803725 -0.116864 0.555116
1403638596.727829 7.729537 -4.516545 2.294475 0.185736 0.804338 -0.111972 0.553176
1403638596.827830 7.747115 -4.404265 2.329258 0.189812 0.803990 -0.108553 0.552981
1403638596.927830 7.770152 -4.274153 2.364705 0.192149 0.802978 -0.106608 0.554021
1403638597.027829 7.796187 -4.129952 2.401450 0.193817 0.801970 -0.106637 0.554893
1403638597.127830 7.827963 -3.970580 2.432024 0.196498 0.800384 -0.105668 0.556425
1403638597.227829 7.863022 -3.795768 2.455903 0.196924 0.798254 -0.106963 0.559081
1403638597.327830 7.901387 -3.604647 2.471929 0.193269 0.796177 -0.110660 0.562586
1403638597.427830 7.942826 -3.399015 2.482195 0.187143 0.794118 -0.116386 0.566399
1403638597.527829 7.985087 -3.179233 2.490397 0.175196 0.789654 -0.125417 0.574477
1403638597.627830 8.024570 -2.949420 2.492978 0.165994 0.786288 -0.132798 0.580140
1403638597.727829 8.060505 -2.712046 2.491181 0.165574 0.785477 -0.133421 0.581215
1403638597.827830 8.093963 -2.467540 2.484532 0.170757 0.788110 -0.123651 0.578304
1403638597.927830 8.125490 -2.213940 2.472339 0.174814 0.790809 -0.112308 0.575716
1403638598.027829 8.154362 -1.950174 2.460984 0.172482 0.791796 -0.105787 0.576296
1403638598.127830 8.184363 -1.674496 2.456338 0.156969 0.792293 -0.109737 0.579302
1403638598.227829 8.210511 -1.388578 2.457611 0.136155 0.793270 -0.119401 0.581316
1403638598.327830 8.234514 -1.099971 2.460421 0.121745 0.795786 -0.126743 0.579517
1403638598.427830 8.258468 -0.812318 2.457896 0.114601 0.797789 -0.130305 0.577425
1403638598.527829 8.281147 -0.525806 2.449611 0.110757 0.799455 -0.130169 0.575899
1403638598.627830 8.301178 -0.241855 2.432479 0.105986 0.802717 -0.125127 0.573372
1403638598.727829 8.320931 0.039226 2.413821 0.099812 0.804594 -0.114828 0.574004
1403638598.827830 8.338983 0.318364 2.399213 0.090923 0.805795 -0.102114 0.576195
1403638598.927830 8.354224 0.593469 2.389462 0.081575 0.808384 -0.086525 0.576520
1403638599.027829 8.367625 0.866628 2.382849 0.068892 0.810253 -0.070827 0.577692
1403638599.127830 8.380621 1.137652 2.383444 0.058007 0.811522 -0.052610 0.579050
1403638599.227829 8.389333 1.406323 2.388089 0.046460 0.813137 -0.034053 0.579215
1403638599.327830 8.395506 1.674296 2.399252 0.033249 0.815234 -0.015969 0.577956
1403638599.427830 8.399005 1.939986 2.417288 0.023906 0.818148 0.000473 0.574510
1403638599.527829 8.401176 2.204850 2.437457 0.016947 0.820360 0.011602 0.571479
1403638599.627830 8.402393 2.468876 2.451448 0.011057 0.822030 0.016923 0.569086
1403638599.727829 8.401893 2.729712 2.456254 0.008831 0.823228 0.020173 0.567284
1403638599.827830 8.405026 2.991325 2.452819 0.007795 0.823860 0.019310 0.566411
1403638599.927830 8.410018 3.248329 2.445182 0.004962 0.825078 0.015558 0.564783
1403638600.027829 8.419653 3.508742 2.432238 0.000108 0.824444 0.008915 0.565873
1403638600.127830 8.432635 3.760364 2.416529 -0.008185 0.826508 -0.000537 0.562865
1403638600.227829 8.448521 4.007393 2.397330 -0.020071 0.829269 -0.012248 0.558355
1403638600.327830 8.466403 4.243674 2.373958 -0.028938 0.830933 -0.021844 0.555190
1403638600.427830 8.487945 4.468772 2.353289 -0.036811 0.832127 -0.030186 0.552538
1403638600.527829 8.514150 4.677267 2.341863 -0.038067 0.832829 -0.032991 0.551233
1403638600.627830 8.546035 4.872509 2.340380 -0.037684 0.834164 -0.034345 0.549155
1403638600.727829 8.581221 5.054443 2.345209 -0.038235 0.836307 -0.035560 0.545769
1403638600.827830 8.622246 5.220797 2.355406 -0.034753 0.840262 -0.032428 0.540093
1403638600.927830 8.671027 5.378770 2.368232 -0.019069 0.843477 -0.020101 0.536451
1403638601.027829 8.727114 5.524353 2.376821 -0.005567 0.844383 -0.008976 0.535636
1403638601.127830 8.792207 5.663407 2.380223 0.001052 0.843235 -0.003276 0.537534
1403638601.227829 8.865113 5.798775 2.378694 0.009799 0.840300 0.004016 0.542018
1403638601.327830 8.943847 5.933928 2.374549 0.016133 0.832941 0.010577 0.553026
1403638601.427830 9.026820 6.072346 2.371035 0.005699 0.828572 0.013078 0.559701
1403638601.527829 9.111765 6.212747 2.374363 -0.006034 0.824387 0.022668 0.565541
1403638601.627830 9.196570 6.352907 2.384269 -0.017143 0.821094 0.039672 0.569155
1403638601.727829 9.281121 6.492475 2.400150 -0.029301 0.818579 0.062737 0.570205
1403638601.827830 9.363224 6.630848 2.424125 -0.042882 0.814286 0.090486 0.571761
1403638601.927830 9.442991 6.772865 2.453668 -0.057012 0.809794 0.118120 0.571866
1403638602.027829 9.518888 6.913621 2.480770 -0.070113 0.807445 0.138324 0.569195
1403638602.127830 9.592629 7.056281 2.500728 -0.078349 0.804395 0.153698 0.568496
1403638602.227829 9.660340 7.199702 2.514883 -0.083936 0.798083 0.170518 0.571789
1403638602.327830 9.724098 7.348103 2.525595 -0.097310 0.789497 0.186634 0.576535
1403638602.427830 9.780485 7.499236 2.542351 -0.129432 0.773712 0.194392 0.588922
1403638602.527829 9.827916 7.647882 2.568658 -0.165007 0.750112 0.199632 0.608484
1403638602.627830 9.861674 7.785451 2.602268 -0.194238 0.733128 0.207720 0.617776
1403638602.727829 9.879439 7.905997 2.639448 -0.209368 0.726912 0.224618 0.614256
1403638602.827830 9.881046 8.009508 2.682495 -0.217601 0.723163 0.245827 0.607663
1403638602.927830 9.866786 8.096659 2.728756 -0.231741 0.721547 0.263925 0.596665
1403638603.027829 9.841918 8.170856 2.774400 -0.253618 0.720173 0.277542 0.583094
1403638603.127830 9.810349 8.230453 2.814813 -0.270503 0.712365 0.291555 0.578239
1403638603.227829 9.771522 8.275164 2.847351 -0.275042 0.711762 0.307508 0.568494
1403638603.327830 9.726962 8.306588 2.867681 -0.268969 0.723690 0.324213 0.546639
1403638603.427830 9.679954 8.326802 2.879277 -0.263366 0.734536 0.335414 0.527818
1403638603.527829 9.634512 8.348962 2.891205 -0.261310 0.738216 0.340567 0.520354
1403638603.627830 9.590218 8.370220 2.899394 -0.265520 0.732274 0.342693 0.525200
1403638603.727829 9.545433 8.387522 2.901566 -0.262355 0.724014 0.347460 0.535018
1403638603.827830 9.495588 8.398395 2.896382 -0.255903 0.716141 0.352708 0.545210
1403638603.927830 9.441944 8.400564 2.881312 -0.249198 0.708834 0.357371 0.554744
1403638604.027829 9.376440 8.404414 2.862685 -0.243505 0.703871 0.359754 0.562004
1403638604.127830 9.301143 8.405941 2.843068 -0.239713 0.700899 0.361253 0.566370
1403638604.227829 9.217426 8.401854 2.830110 -0.242894 0.702260 0.359769 0.564270
1403638604.327830 9.121516 8.394218 2.825305 -0.249645 0.708754 0.355769 0.555673
1403638604.427830 9.018393 8.381372 2.825613 -0.251961 0.716884 0.354482 0.544917
1403638604.527829 8.910618 8.363551 2.834265 -0.249157 0.724145 0.356547 0.535172
1403638604.627830 8.800240 8.344147 2.842154 -0.248251 0.727252 0.357415 0.530783
1403638604.727829 8.688835 8.324512 2.843925 -0.252415 0.729880 0.354744 0.526991
1403638604.827830 8.577210 8.302424 2.842686 -0.255794 0.732165 0.352432 0.523732
1403638604.927830 8.466861 8.277826 2.843123 -0.254370 0.736251 0.353518 0.517933
1403638605.027829 8.358536 8.252441 2.848503 -0.251616 0.743416 0.355615 0.507503
1403638605.127830 8.252311 8.226837 2.862389 -0.248872 0.748782 0.357602 0.499509
1403638605.227829 8.152074 8.203037 2.882599 -0.245963 0.750570 0.359782 0.496694
1403638605.327830 8.056826 8.186085 2.900148 -0.241264 0.749511 0.363125 0.498162
1403638605.427830 7.964843 8.175777 2.913785 -0.234407 0.741875 0.368206 0.509017
1403638605.527829 7.873168 8.168751 2.920326 -0.228308 0.731643 0.372729 0.523113
1403638605.627830 7.778571 8.165654 2.920936 -0.222086 0.724199 0.377177 0.532870
1403638605.727829 7.678636 8.167299 2.920201 -0.219245 0.720913 0.379282 0.536993
1403638605.827830 7.572614 8.173113 2.929410 -0.217775 0.721462 0.380117 0.536263
1403638605.927830 7.460243 8.187316 2.943513 -0.214860 0.720913 0.381637 0.537097
1403638606.027829 7.343074 8.206310 2.963912 -0.210811 0.720218 0.383338 0.538421
1403638606.127830 7.218336 8.232016 2.975397 -0.207907 0.720303 0.384216 0.538810
1403638606.227829 7.085864 8.261593 2.984196 -0.204774 0.720486 0.385635 0.538751
1403638606.327830 6.946854 8.297426 2.980882 -0.206077 0.724396 0.383744 0.534344
1403638606.427830 6.800874 8.338188 2.974135 -0.213074 0.734646 0.377910 0.521611
1403638606.527829 6.652824 8.384706 2.958858 -0.221766 0.745163 0.371085 0.507787
1403638606.627830 6.505022 8.436124 2.939382 -0.227388 0.751172 0.369782 0.497290
1403638606.727829 6.364121 8.495352 2.914835 -0.231520 0.752587 0.376353 0.488231
1403638606.827830 6.226253 8.560761 2.886994 -0.238204 0.750035 0.387545 0.480119
1403638606.927830 6.093328 8.634094 2.861750 -0.247986 0.744027 0.401914 0.472643
1403638607.027829 5.968185 8.715919 2.843012 -0.261364 0.735827 0.416889 0.465243
1403638607.127830 5.850918 8.802721 2.833962 -0.278277 0.728261 0.426523 0.458558
1403638607.227829 5.741756 8.896388 2.830796 -0.292793 0.715578 0.432790 0.463587
1403638607.327830 5.638953 8.992729 2.822506 -0.305706 0.703771 0.434913 0.471276
1403638607.427830 5.541560 9.090135 2.805187 -0.314975 0.697180 0.435584 0.474339
1403638607.527829 5.448065 9.187026 2.778499 -0.319287 0.696271 0.436174 0.472244
1403638607.627830 5.359997 9.280522 2.746852 -0.320455 0.695028 0.437437 0.472117
1403638607.727829 5.276472 9.372255 2.712710 -0.320083 0.692660 0.437819 0.475483
1403638607.827830 5.197168 9.461776 2.674987 -0.319332 0.693301 0.437474 0.475372
1403638607.927830 5.121198 9.547735 2.634638 -0.321701 0.697523 0.434054 0.470710
1403638608.027829 5.050660 9.633577 2.588623 -0.323870 0.699253 0.430424 0.469988
1403638608.127830 4.986064 9.717605 2.538587 -0.322235 0.696658 0.429428 0.475840
1403638608.227829 4.925410 9.796582 2.484418 -0.318686 0.692672 0.429994 0.483477
1403638608.327830 4.867203 9.872579 2.425301 -0.318614 0.687713 0.428490 0.491865
1403638608.427830 4.809104 9.943913 2.362779 -0.319136 0.684152 0.427698 0.497154
1403638608.527829 4.752576 10.010839 2.293601 -0.317484 0.686039 0.428409 0.494995
1403638608.627830 4.694783 10.075140 2.222489 -0.319593 0.685277 0.426041 0.496735
1403638608.727829 4.638743 10.132325 2.156460 -0.323499 0.682488 0.423832 0.499925
1403638608.827830 4.582436 10.179794 2.093607 -0.321908 0.685183 0.425201 0.496088
1403638608.927830 4.526718 10.224825 2.038201 -0.320270 0.689111 0.426566 0.490504
1403638609.027829 4.471821 10.263779 1.988885 -0.320519 0.692810 0.426734 0.484953
1403638609.127830 4.419993 10.298700 1.947228 -0.319454 0.694303 0.427473 0.482866
1403638609.227829 4.370266 10.328572 1.909242 -0.326334 0.694286 0.422608 0.482572
1403638609.327830 4.323680 10.353711 1.867880 -0.330187 0.694684 0.419598 0.482005
1403638609.427830 4.281809 10.374357 1.818145 -0.327149 0.694606 0.421568 0.482470
1403638609.527829 4.241618 10.391132 1.762493 -0.323413 0.694685 0.423713 0.482995
1403638609.627830 4.205019 10.407427 1.700191 -0.321471 0.694699 0.424660 0.483440
1403638609.727829 4.170353 10.418852 1.634171 -0.318455 0.693533 0.426853 0.485175
1403638609.827830 4.136998 10.436361 1.570801 -0.318832 0.694583 0.426571 0.483671
1403638609.927830 4.107186 10.443532 1.517542 -0.319035 0.694180 0.426336 0.484322
1403638610.027829 4.083619 10.451324 1.471885 -0.321389 0.693011 0.424777 0.485808
1403638610.127830 4.059188 10.452449 1.434146 -0.324484 0.690153 0.422499 0.489789
1403638610.227829 4.036922 10.449469 1.396073 -0.325798 0.687378 0.421515 0.493652
1403638610.327830 4.015681 10.441826 1.351658 -0.327017 0.686486 0.420285 0.495133
1403638610.427830 3.997190 10.431372 1.300977 -0.328343 0.686133 0.419032 0.495807
1403638610.527829 3.976736 10.413884 1.245584 -0.327888 0.683185 0.418952 0.500227
1403638610.627830 3.956625 10.389510 1.188156 -0.333378 0.676009 0.414971 0.509578
1403638610.727829 3.933957 10.356876 1.131079 -0.333616 0.676706 0.415240 0.508276
1403638610.827830 3.909953 10.318661 1.078700 -0.330435 0.684046 0.418628 0.497639
1403638610.927830 3.889126 10.274638 1.036446 -0.328832 0.687009 0.421167 0.492449
1403638611.027829 3.870943 10.225663 0.999214 -0.331570 0.686009 0.419371 0.493538
1403638611.127830 3.849999 10.175134 0.949249 -0.334018 0.683351 0.418304 0.496473
1403638611.227829 3.831895 10.116138 0.900504 -0.333807 0.682800 0.419269 0.496560
1403638611.327830 3.814836 10.048901 0.856507 -0.331106 0.682141 0.421618 0.497284
1403638611.427830 3.797165 9.974962 0.818046 -0.320381 0.677532 0.428746 0.504463
1403638611.527829 3.775031 9.899402 0.783914 -0.309583 0.674703 0.435642 0.509069
1403638611.627830 3.750623 9.820315 0.759304 -0.304410 0.676621 0.438210 0.507434
1403638611.727829 3.715811 9.736636 0.731112 -0.306338 0.680752 0.436331 0.502343
1403638611.827830 3.681988 9.653216 0.702777 -0.312772 0.686576 0.431269 0.494767
1403638611.927830 3.648929 9.570612 0.669728 -0.316493 0.691348 0.427734 0.488788
1403638612.027829 3.616740 9.486800 0.637531 -0.318190 0.694035 0.426064 0.485325
1403638612.127830 3.586942 9.404490 0.608178 -0.319618 0.695918 0.424457 0.483092
1403638612.227829 3.559234 9.320818 0.589163 -0.318819 0.696453 0.424591 0.482731
1403638612.327830 3.535513 9.238621 0.574693 -0.318271 0.696100 0.424878 0.483350
1403638612.427830 3.514706 9.154947 0.563367 -0.317470 0.695070 0.424644 0.485560
1403638612.527829 3.494203 9.069940 0.545118 -0.315453 0.693052 0.424552 0.489821
1403638612.627830 3.475421 8.985137 0.521389 -0.310644 0.691388 0.426424 0.493605
1403638612.727829 3.449696 8.895214 0.486909 -0.306364 0.689613 0.427408 0.497893
1403638612.827830 3.426989 8.809848 0.451626 -0.305359 0.688675 0.425788 0.501186
1403638612.927830 3.398335 8.722733 0.417532 -0.306261 0.688273 0.423249 0.503334
1403638613.027829 3.369481 8.635099 0.390740 -0.306146 0.690730 0.422245 0.500874
1403638613.127830 3.337660 8.547333 0.373008 -0.306375 0.692238 0.421354 0.499402
1403638613.227829 3.303151 8.460323 0.358984 -0.306326 0.694000 0.420968 0.497307
1403638613.327830 3.270054 8.372887 0.355110 -0.305337 0.694579 0.421491 0.496663
1403638613.427830 3.233149 8.282951 0.352995 -0.304629 0.693875 0.421944 0.497697
1403638613.527829 3.196127 8.192724 0.346272 -0.305735 0.693758 0.418466 0.500112
1403638613.627830 3.159499 8.105603 0.334537 -0.307582 0.695338 0.412260 0.501936
1403638613.727829 3.119926 8.012301 0.315783 -0.311546 0.694307 0.405614 0.506314
1403638613.827830 3.081003 7.921260 0.288818 -0.311313 0.694803 0.398236 0.511606
1403638613.927830 3.041137 7.823287 0.256266 -0.305996 0.698956 0.389423 0.515922
1403638614.027829 3.002041 7.722436 0.219260 -0.295424 0.706057 0.378673 0.520399
1403638614.127830 2.961953 7.617941 0.179373 -0.282468 0.715515 0.365645 0.523980
1403638614.227829 2.919884 7.508874 0.142549 -0.268935 0.725451 0.352309 0.526568
1403638614.327830 2.875214 7.395648 0.110149 -0.259112 0.733320 0.341009 0.528030
1403638614.427830 2.829056 7.281405 0.085553 -0.253911 0.739109 0.331300 0.528666
1403638614.527829 2.781888 7.167529 0.070361 -0.250975 0.743556 0.323116 0.528898
1403638614.627830 2.734898 7.053849 0.062608 -0.247405 0.748058 0.313016 0.530303
1403638614.727829 2.691844 6.942402 0.066635 -0.244993 0.755578 0.298733 0.528997
1403638614.827830 2.652695 6.831304 0.081917 -0.239860 0.766255 0.281658 0.525347
1403638614.927830 2.615882 6.711318 0.098246 -0.229304 0.776503 0.263985 0.524189
1403638615.027829 2.592107 6.602830 0.133119 -0.214678 0.785617 0.243323 0.526795
1403638615.127830 2.571131 6.484266 0.165789 -0.194194 0.792012 0.221949 0.534551
1403638615.227829 2.555600 6.364425 0.204692 -0.169936 0.794000 0.200898 0.548020
1403638615.327830 2.542244 6.242507 0.242893 -0.147831 0.796964 0.176775 0.558342
1403638615.427830 2.529897 6.121681 0.275859 -0.127059 0.800365 0.150842 0.566144
1403638615.527829 2.517319 6.001841 0.301621 -0.107507 0.804248 0.125359 0.570887
1403638615.627830 2.503973 5.882923 0.321466 -0.092308 0.806666 0.104304 0.574360
1403638615.727829 2.490050 5.765278 0.341282 -0.082245 0.808491 0.089526 0.575815
1403638615.827830 2.475450 5.648733 0.368964 -0.075466 0.809717 0.078659 0.576607
1403638615.927830 2.458919 5.532291 0.400636 -0.070307 0.810715 0.066037 0.577440
1403638616.027829 2.440616 5.415156 0.426397 -0.062192 0.812301 0.054148 0.577379
1403638616.127830 2.420424 5.297435 0.442645 -0.052414 0.813216 0.041492 0.578109
1403638616.227829 2.399016 5.178980 0.443123 -0.042650 0.814613 0.025048 0.577893
1403638616.327830 2.376177 5.059119 0.427499 -0.030195 0.815512 0.006006 0.577921
1403638616.427830 2.353707 4.939819 0.400592 -0.017257 0.816114 -0.012960 0.577487
1403638616.527829 2.329386 4.818844 0.369051 -0.007845 0.816848 -0.028555 0.576092
1403638616.627830 2.306029 4.696899 0.335186 -0.000004 0.819777 -0.039499 0.571319
1403638616.727829 2.283392 4.573780 0.296934 0.001574 0.826943 -0.049091 0.560137
1403638616.827830 2.264037 4.452422 0.255180 -0.003206 0.834472 -0.058311 0.547947
1403638616.927830 2.257151 4.330607 0.216355 -0.003474 0.836639 -0.061163 0.544318
1403638617.027829 2.252863 4.201942 0.189104 0.003616 0.833415 -0.056314 0.549758
1403638617.127830 2.256224 4.073426 0.169480 0.010743 0.829592 -0.049589 0.556060
1403638617.227829 2.262089 3.943195 0.157378 0.014281 0.829450 -0.044000 0.556662
1403638617.327830 2.271706 3.814295 0.151957 0.013624 0.832694 -0.041171 0.552033
1403638617.427830 2.284957 3.681927 0.148671 0.014152 0.836837 -0.037485 0.545984
1403638617.527829 2.304690 3.556358 0.157283 0.014011 0.838638 -0.034297 0.543427
1403638617.627830 2.330038 3.430208 0.173289 0.013928 0.838177 -0.031464 0.544312
1403638617.727829 2.364906 3.311188 0.199023 0.015720 0.836483 -0.027290 0.547088
1403638617.827830 2.405032 3.197412 0.231786 0.016066 0.836381 -0.024667 0.547358
1403638617.927830 2.450279 3.088672 0.271678 0.014689 0.835216 -0.023665 0.549216
1403638618.027829 2.500292 2.980637 0.309544 0.013686 0.834766 -0.022527 0.549973
1403638618.127830 2.553259 2.875329 0.341461 0.011685 0.834871 -0.022074 0.549878
1403638618.227829 2.611348 2.772290 0.366704 0.011151 0.834640 -0.020943 0.550285
1403638618.327830 2.672031 2.673564 0.387300 0.011538 0.833967 -0.019454 0.551350
1403638618.427830 2.736116 2.576496 0.404354 0.011380 0.833872 -0.018429 0.551532
1403638618.527829 2.804020 2.483765 0.420361 0.010814 0.833338 -0.017305 0.552386
1403638618.627830 2.875386 2.391222 0.433277 0.013494 0.832975 -0.019181 0.552813
1403638618.727829 2.950634 2.303692 0.447746 0.017688 0.832734 -0.021474 0.552974
1403638618.827830 3.029932 2.219374 0.467055 0.019020 0.831546 -0.025470 0.554545
1403638618.927830 3.112522 2.138684 0.491376 0.023868 0.828881 -0.030813 0.558066
1403638619.027829 3.197914 2.059184 0.512089 0.032580 0.824404 -0.042100 0.563493
1403638619.127830 3.282435 1.982914 0.524806 0.046617 0.820714 -0.057955 0.566478
1403638619.227829 3.367784 1.909009 0.530665 0.060403 0.816986 -0.079671 0.567924
1403638619.327830 3.452640 1.838077 0.528881 0.075920 0.813228 -0.104568 0.567417
1403638619.427830 3.536127 1.770355 0.519597 0.089255 0.808509 -0.127976 0.567423
1403638619.527829 3.619732 1.705718 0.504820 0.097439 0.804396 -0.146293 0.567496
1403638619.627830 3.704260 1.645530 0.495167 0.100421 0.801331 -0.161887 0.567077
1403638619.727829 3.786730 1.584487 0.479198 0.094958 0.798564 -0.176746 0.567485
1403638619.827830 3.866639 1.521048 0.461597 0.092654 0.795678 -0.185704 0.569057
1403638619.927830 3.941929 1.456187 0.439055 0.093220 0.794102 -0.190723 0.569506
1403638620.027829 4.012813 1.387326 0.419169 0.095885 0.792835 -0.192720 0.570156
1403638620.127830 4.077810 1.315379 0.400065 0.099326 0.790044 -0.192791 0.573408
1403638620.227829 4.136175 1.240795 0.391934 0.102134 0.787781 -0.192251 0.576203
1403638620.327830 4.189562 1.164116 0.387672 0.106159 0.789479 -0.189783 0.573965
1403638620.427830 4.230527 1.089382 0.392727 0.107522 0.790536 -0.188115 0.572803
1403638620.527829 4.270605 1.011744 0.398765 0.108129 0.791809 -0.185950 0.571637
1403638620.627830 4.304847 0.934247 0.402118 0.106248 0.793960 -0.185219 0.569240
1403638620.727829 4.338912 0.855099 0.398669 0.102373 0.797142 -0.185878 0.565273
1403638620.827830 4.369181 0.775845 0.389879 0.101076 0.800172 -0.184456 0.561680
1403638620.927830 4.394896 0.696242 0.378854 0.106116 0.802066 -0.178468 0.559980
1403638621.027829 4.424765 0.614031 0.364088 0.110814 0.801324 -0.172611 0.561965
1403638621.127830 4.452149 0.531497 0.350806 0.111409 0.800248 -0.169548 0.564309
1403638621.227829 4.480699 0.451301 0.344473 0.111079 0.798718 -0.167186 0.567238
1403638621.327830 4.503071 0.375993 0.344629 0.112649 0.799211 -0.164111 0.567133
1403638621.427830 4.526671 0.302341 0.344497 0.112578 0.798015 -0.162051 0.569418
1403638621.527829 4.549429 0.231152 0.338223 0.113530 0.796000 -0.159629 0.572724
1403638621.627830 4.567365 0.167218 0.329019 0.113501 0.794375 -0.158099 0.575405
1403638621.727829 4.585855 0.103066 0.313097 0.113757 0.793522 -0.157058 0.576814
1403638621.827830 4.599016 0.046644 0.294586 0.115307 0.791277 -0.155321 0.580052
1403638621.927830 4.609174 -0.009987 0.272599 0.116754 0.787845 -0.153744 0.584834
1403638622.027829 4.614566 -0.059744 0.247525 0.116027 0.786295 -0.153856 0.587032
1403638622.127830 4.614427 -0.098980 0.219868 0.113621 0.786950 -0.155979 0.586063
1403638622.227829 4.610796 -0.141368 0.190632 0.111248 0.787250 -0.157753 0.585642
1403638622.327830 4.601805 -0.179497 0.167769 0.109041 0.787204 -0.159790 0.585566
1403638622.427830 4.586901 -0.214641 0.154131 0.111540 0.788065 -0.159229 0.584088
1403638622.527829 4.564324 -0.239034 0.151294 0.114684 0.788127 -0.158069 0.583710
1403638622.627830 4.540808 -0.270285 0.151185 0.119655 0.786591 -0.155574 0.585452
1403638622.727829 4.510227 -0.288715 0.165996 0.123106 0.778637 -0.153918 0.595716
1403638622.827830 4.476809 -0.310109 0.183629 0.125092 0.768980 -0.153396 0.607858
1403638622.927830 4.436065 -0.319794 0.205494 0.124730 0.769062 -0.154605 0.607523
1403638623.027829 4.385976 -0.326371 0.221504 0.122071 0.775214 -0.157639 0.599409
1403638623.127830 4.327527 -0.327211 0.231443 0.118071 0.780898 -0.161299 0.591811
1403638623.227829 4.261368 -0.322299 0.236729 0.114105 0.783929 -0.164247 0.587756
1403638623.327830 4.191732 -0.320482 0.236799 0.111523 0.787396 -0.166045 0.583094
1403638623.427830 4.118652 -0.317828 0.232508 0.111614 0.790146 -0.166165 0.579310
1403638623.527829 4.042181 -0.307920 0.226836 0.110422 0.790642 -0.167091 0.578595
1403638623.627830 3.963106 -0.302117 0.226592 0.113277 0.790047 -0.165834 0.579218
1403638623.727829 3.879523 -0.295331 0.233420 0.114999 0.790745 -0.165478 0.578026
1403638623.827830 3.792203 -0.287164 0.245665 0.116676 0.791598 -0.165215 0.576597
1403638623.927830 3.701006 -0.277132 0.261941 0.118259 0.793316 -0.165896 0.573710
1403638624.027829 3.607197 -0.266073 0.272438 0.118448 0.793975 -0.167065 0.572418
1403638624.127830 3.512728 -0.252977 0.278597 0.116231 0.794410 -0.169958 0.571417
1403638624.227829 3.418706 -0.240031 0.281412 0.113749 0.794345 -0.172869 0.571133
1403638624.327830 3.321365 -0.226167 0.277552 0.112681 0.793585 -0.174858 0.571796
1403638624.427830 3.224652 -0.212713 0.270227 0.112626 0.793320 -0.176186 0.571767
1403638624.527829 3.130381 -0.201191 0.263289 0.111561 0.790197 -0.178494 0.575571
1403638624.627830 3.029188 -0.188704 0.247981 0.109146 0.780460 -0.180862 0.588437
1403638624.727829 2.925066 -0.177082 0.233298 0.113455 0.782978 -0.174115 0.586308
1403638624.827830 2.822492 -0.166617 0.229246 0.116514 0.790110 -0.164539 0.578858
1403638624.927830 2.712621 -0.150161 0.229380 0.113830 0.794622 -0.159186 0.574698
1403638625.027829 2.610358 -0.137777 0.236384 0.106513 0.796264 -0.157456 0.574304
1403638625.127830 2.500606 -0.121029 0.238285 0.098270 0.797284 -0.158035 0.574200
1403638625.227829 2.401879 -0.110393 0.237904 0.094112 0.798534 -0.157149 0.573403
1403638625.327830 2.291866 -0.096052 0.232928 0.092809 0.798853 -0.155697 0.573567
1403638625.427830 2.191657 -0.088271 0.231776 0.092303 0.798777 -0.154463 0.574088
1403638625.527829 2.082355 -0.076549 0.234667 0.092266 0.798589 -0.153972 0.574487
1403638625.627830 1.973997 -0.067368 0.244912 0.092770 0.800067 -0.153769 0.572399
1403638625.727829 1.871689 -0.062128 0.261396 0.091618 0.803026 -0.154546 0.568217
1403638625.827830 1.764167 -0.054209 0.273923 0.090842 0.807356 -0.155606 0.561881
1403638625.927830 1.659374 -0.050716 0.284599 0.092018 0.808369 -0.155362 0.560299
1403638626.027829 1.555390 -0.047980 0.288067 0.091927 0.809091 -0.156388 0.558985
1403638626.127830 1.454852 -0.046520 0.286489 0.090226 0.809488 -0.158304 0.558147
1403638626.227829 1.358147 -0.047021 0.279010 0.091827 0.809347 -0.157694 0.558263
1403638626.327830 1.262838 -0.049633 0.269267 0.098193 0.807459 -0.153815 0.560990
1403638626.427830 1.170389 -0.051931 0.256532 0.103851 0.805340 -0.149677 0.564127
1403638626.527829 1.077029 -0.052507 0.239186 0.105273 0.806615 -0.148297 0.562404
1403638626.627830 0.987814 -0.053645 0.223659 0.104013 0.808691 -0.149061 0.559447
1403638626.727829 0.901627 -0.053666 0.210084 0.102247 0.811518 -0.149811 0.555464
1403638626.827830 0.818986 -0.053174 0.201885 0.100463 0.814712 -0.150772 0.550835
1403638626.927830 0.742746 -0.053284 0.203169 0.100427 0.816980 -0.150296 0.547603
1403638627.027829 0.672636 -0.053347 0.205669 0.099774 0.817048 -0.150103 0.547674
1403638627.127830 0.607296 -0.054105 0.205849 0.099022 0.816836 -0.149933 0.548173
1403638627.227829 0.546737 -0.055946 0.200971 0.098404 0.816731 -0.149726 0.548497
1403638627.327830 0.491344 -0.057990 0.195404 0.101013 0.816796 -0.147466 0.548539
1403638627.427830 0.442487 -0.059814 0.179281 0.102211 0.816709 -0.146412 0.548728
1403638627.527829 0.399393 -0.062472 0.168095 0.101906 0.816375 -0.146696 0.549206
1403638627.627830 0.362981 -0.064499 0.154445 0.105183 0.814352 -0.145181 0.551987
1403638627.727829 0.330644 -0.066249 0.139426 0.106122 0.811315 -0.144919 0.556332
1403638627.827830 0.307473 -0.063037 0.118719 0.107457 0.810013 -0.144683 0.558031
1403638627.927830 0.279801 -0.062968 0.103356 0.108197 0.811176 -0.144652 0.556204
1403638628.027829 0.253271 -0.061201 0.088768 0.109354 0.812751 -0.144591 0.553688
1403638628.127830 0.228492 -0.056615 0.075533 0.109901 0.813701 -0.145132 0.552040
1403638628.227829 0.207756 -0.050689 0.063442 0.110258 0.813804 -0.145856 0.551627
1403638628.327830 0.190719 -0.042168 0.053486 0.109896 0.814450 -0.147010 0.550438
1403638628.427830 0.176357 -0.033430 0.046429 0.107331 0.814087 -0.149063 0.550929
1403638628.527829 0.185583 -0.023727 0.037871 0.099148 0.808196 -0.155412 0.559317
1403638628.627830 0.180978 -0.015238 0.036360 0.092930 0.801374 -0.160045 0.568814
1403638628.727829 0.183982 -0.004156 0.031575 0.090614 0.800937 -0.161843 0.569294
1403638628.827830 0.190090 0.001540 0.031764 0.094315 0.802506 -0.159919 0.567022
1403638628.927830 0.183631 0.004201 0.021036 0.098722 0.802580 -0.157501 0.566844
1403638629.027829 0.172767 0.007365 0.010399 0.103694 0.803597 -0.154071 0.565458
1403638629.127830 0.164629 0.007550 0.001375 0.107100 0.804927 -0.151265 0.563685
1403638629.227829 0.155177 0.011536 -0.005120 0.108783 0.805937 -0.149768 0.562318
1403638629.327830 0.144922 0.017071 -0.009696 0.110110 0.806716 -0.149079 0.561125
1403638629.427830 0.136927 0.024757 -0.011793 0.109645 0.810776 -0.150047 0.555074
1403638629.527829 0.135878 0.031835 -0.012139 0.106838 0.815391 -0.152634 0.548112
1403638629.627830 0.139493 0.038756 -0.010374 0.099739 0.815664 -0.158019 0.547517
1403638629.727829 0.145807 0.044070 -0.006697 0.089642 0.811593 -0.165656 0.553027
1403638629.827830 0.152609 0.046664 -0.004004 0.085813 0.805546 -0.168842 0.561448
1403638629.927830 0.159280 0.045543 -0.008325 0.091043 0.799406 -0.166137 0.570139
1403638630.027829 0.163299 0.042065 -0.021212 0.102047 0.793601 -0.158941 0.578378
1403638630.127830 0.164025 0.039158 -0.045607 0.108655 0.794031 -0.154332 0.577833
1403638630.227829 0.162335 0.037879 -0.077629 0.111199 0.798156 -0.152290 0.572179
1403638630.327830 0.159210 0.038136 -0.115482 0.113507 0.804826 -0.151888 0.562406
1403638630.427830 0.167995 0.041583 -0.117681 0.098725 0.810989 -0.158346 0.554506
1403638630.527829 0.178852 0.042223 -0.109789 0.107909 0.801482 -0.150948 0.568504
1403638630.627830 0.188362 0.043601 -0.122024 0.108681 0.800683 -0.151277 0.569394
1403638630.727829 0.193202 0.040889 -0.139947 0.098831 0.826983 -0.144637 0.534240
1403638630.827830 0.184416 0.037471 -0.145139 0.103208 0.824414 -0.146574 0.536848
1403638630.927830 0.178579 0.038910 -0.150351 0.102260 0.825277 -0.144802 0.536183
1403638631.027829 0.172012 0.039435 -0.154463 0.101732 0.825508 -0.145062 0.535859
1403638631.127830 0.164657 0.040355 -0.159237 0.101297 0.825539 -0.145417 0.535796
1403638631.227829 0.156657 0.041369 -0.163884 0.101480 0.825547 -0.145295 0.535782
1403638631.327830 0.149152 0.042273 -0.168132 0.101488 0.825437 -0.145364 0.535932
1403638631.427830 0.141151 0.043264 -0.172340 0.101704 0.825453 -0.145209 0.535908
1403638631.527829 0.133212 0.044146 -0.176193 0.101728 0.825545 -0.145318 0.535733
1403638631.627830 0.125257 0.044993 -0.179924 0.101961 0.825621 -0.145171 0.535611
