1403638522.827830 0.054893 0.042861 0.184225 -0.042728 0.815818 0.030698 0.575911
1403638522.927830 0.032192 0.013500 0.320213 -0.054706 0.812038 0.009954 0.580949
1403638523.027829 0.034372 0.006728 0.361291 -0.067754 0.808987 0.012364 0.583779
1403638523.127830 0.033864 0.001046 0.385871 -0.070231 0.807276 0.014465 0.585801
1403638523.227829 0.030266 -0.003735 0.389011 -0.062213 0.804525 0.012161 0.590527
1403638523.327830 0.026635 -0.007949 0.368457 -0.049602 0.799849 0.009791 0.598068
1403638523.427830 0.024202 -0.012166 0.332012 -0.047696 0.798935 0.011381 0.599415
1403638523.527829 0.021118 -0.016580 0.284968 -0.039317 0.804519 0.013481 0.592471
1403638523.627830 0.016625 -0.023634 0.233193 -0.032049 0.815012 0.017174 0.578302
1403638523.727829 0.012082 -0.029697 0.184638 -0.026713 0.821398 0.019506 0.569395
1403638523.827830 0.007106 -0.033932 0.139607 -0.024400 0.823162 0.022116 0.566851
1403638523.927830 0.001610 -0.040382 0.099492 -0.017120 0.823003 0.026241 0.567172
1403638524.027829 -0.004427 -0.047410 0.075455 -0.012891 0.825177 0.036935 0.563518
1403638524.127830 -0.006312 -0.048011 0.078437 -0.012845 0.828256 0.047616 0.558175
1403638524.227829 -0.006619 -0.047411 0.110326 -0.022771 0.830389 0.054830 0.554013
1403638524.327830 -0.005506 -0.047451 0.159650 -0.032593 0.829298 0.055768 0.555061
1403638524.427830 -0.001342 -0.046552 0.217514 -0.041245 0.824540 0.053520 0.561754
1403638524.527829 0.004077 -0.044920 0.277963 -0.046273 0.816212 0.052475 0.573501
1403638524.627830 0.011012 -0.042076 0.335410 -0.046817 0.808202 0.048744 0.585014
1403638524.727829 0.017794 -0.037622 0.383109 -0.038428 0.803402 0.043685 0.592587
1403638524.827830 0.022617 -0.032888 0.416307 -0.027149 0.801148 0.039089 0.596571
1403638524.927830 0.025994 -0.028434 0.435165 -0.032796 0.800467 0.040142 0.597131
1403638525.027829 0.028522 -0.028395 0.434530 -0.042833 0.801191 0.047591 0.594973
1403638525.127830 0.030265 -0.027271 0.410644 -0.039784 0.799689 0.052314 0.596806
1403638525.227829 0.032116 -0.027606 0.369929 -0.039505 0.800943 0.058162 0.594598
1403638525.327830 0.030456 -0.026116 0.317976 -0.040306 0.806785 0.063226 0.586068
1403638525.427830 0.027529 -0.027764 0.265149 -0.046463 0.819368 0.068010 0.567320
1403638525.527829 0.024934 -0.027847 0.215586 -0.054187 0.831158 0.068432 0.549143
1403638525.627830 0.023049 -0.029798 0.172654 -0.056602 0.837494 0.066220 0.539458
1403638525.727829 0.022006 -0.033686 0.138405 -0.055038 0.839218 0.062044 0.537433
1403638525.827830 0.021873 -0.032908 0.112561 -0.050040 0.836188 0.055557 0.543322
1403638525.927830 0.019555 -0.036016 0.094913 -0.041090 0.833268 0.052670 0.548819
1403638526.027829 0.019139 -0.049420 0.089039 -0.034004 0.833584 0.051678 0.548918
1403638526.127830 0.016261 -0.074278 0.094234 -0.032550 0.836659 0.046460 0.544779
1403638526.227829 0.013414 -0.106972 0.105394 -0.031237 0.838384 0.037898 0.542863
1403638526.327830 0.008812 -0.145298 0.119568 -0.027999 0.835909 0.029143 0.547378
1403638526.427830 0.002021 -0.188566 0.133177 -0.026045 0.831590 0.019797 0.554426
1403638526.527829 -0.006681 -0.236159 0.143599 -0.024860 0.826944 0.007786 0.561680
1403638526.627830 -0.015630 -0.290583 0.150628 -0.023179 0.822239 -0.001393 0.568668
1403638526.727829 -0.026776 -0.351970 0.156064 -0.017821 0.818423 -0.008626 0.574275
1403638526.827830 -0.040561 -0.417116 0.159802 -0.006830 0.816111 -0.012646 0.577716
1403638526.927830 -0.055130 -0.480611 0.162262 -0.002514 0.817104 -0.016517 0.576248
1403638527.027829 -0.068016 -0.540728 0.164514 0.002826 0.821518 -0.025735 0.569595
1403638527.127830 -0.077890 -0.595791 0.167993 0.010114 0.825385 -0.039970 0.563062
1403638527.227829 -0.087139 -0.641902 0.174161 0.019800 0.824681 -0.055245 0.562546
1403638527.327830 -0.088498 -0.674291 0.180208 0.033605 0.820434 -0.066433 0.566873
1403638527.427830 -0.084253 -0.686703 0.184370 0.046390 0.816081 -0.072082 0.571545
1403638527.527829 -0.075957 -0.677222 0.185696 0.051865 0.814522 -0.074124 0.573036
1403638527.627830 -0.061124 -0.645211 0.183886 0.050325 0.815489 -0.072172 0.572045
1403638527.727829 -0.046101 -0.600493 0.182700 0.045977 0.816156 -0.064946 0.572327
1403638527.827830 -0.026729 -0.546864 0.182236 0.034600 0.818626 -0.057936 0.570348
1403638527.927830 -0.009584 -0.487893 0.185409 0.019664 0.820839 -0.052832 0.568371
1403638528.027829 0.007605 -0.430909 0.188703 0.012618 0.819741 -0.046134 0.570734
1403638528.127830 0.023241 -0.372217 0.189817 0.003240 0.818581 -0.037841 0.573134
1403638528.227829 0.040442 -0.317288 0.185490 -0.006425 0.819374 -0.029038 0.572488
1403638528.327830 0.066884 -0.271111 0.180006 -0.016849 0.819785 -0.019099 0.572105
1403638528.427830 0.098070 -0.237846 0.174158 -0.018415 0.818121 -0.013956 0.574582
1403638528.527829 0.132796 -0.213451 0.168523 -0.015712 0.818753 -0.014398 0.573750
1403638528.627830 0.168878 -0.194091 0.165852 -0.015589 0.821149 -0.022073 0.570073
1403638528.727829 0.202798 -0.180076 0.166823 -0.013376 0.821483 -0.028002 0.569387
1403638528.827830 0.226242 -0.170430 0.171224 -0.010842 0.820664 -0.034590 0.570261
1403638528.927830 0.233011 -0.163147 0.181022 -0.016872 0.820143 -0.042658 0.570317
1403638529.027829 0.223175 -0.155355 0.197049 -0.021926 0.820880 -0.047243 0.568720
1403638529.127830 0.199469 -0.145224 0.211876 -0.010871 0.821590 -0.044024 0.568272
1403638529.227829 0.166153 -0.127958 0.216484 0.005416 0.822792 -0.037197 0.567098
1403638529.327830 0.129822 -0.109338 0.211034 0.013694 0.825963 -0.032260 0.562633
1403638529.427830 0.094416 -0.088181 0.193627 0.016178 0.833641 -0.028748 0.551321
1403638529.527829 0.066646 -0.074669 0.172149 0.012765 0.844646 -0.026569 0.534514
1403638529.627830 0.043876 -0.064121 0.146542 0.014427 0.851831 -0.023356 0.523097
1403638529.727829 0.027490 -0.063516 0.119814 0.014530 0.851414 -0.021438 0.523854
1403638529.827830 0.018572 -0.055047 0.097540 0.013343 0.845364 -0.022605 0.533546
1403638529.927830 0.013061 -0.048042 0.078849 0.013546 0.840356 -0.023483 0.541357
1403638530.027829 0.015573 -0.044144 0.065107 0.015105 0.839928 -0.024639 0.541928
1403638530.127830 0.025973 -0.042853 0.055044 0.016691 0.842101 -0.027857 0.538342
1403638530.227829 0.040776 -0.043461 0.045008 0.019465 0.842628 -0.034032 0.537066
1403638530.327830 0.055132 -0.045440 0.034773 0.021095 0.841934 -0.040423 0.537651
1403638530.427830 0.068057 -0.048849 0.025795 0.024950 0.841353 -0.044828 0.538046
1403638530.527829 0.078328 -0.052611 0.019177 0.022983 0.841146 -0.049004 0.538093
1403638530.627830 0.084263 -0.056706 0.014134 0.025205 0.842353 -0.051781 0.535840
1403638530.727829 0.087839 -0.059393 0.008862 0.026153 0.846116 -0.054266 0.529583
1403638530.827830 0.090429 -0.060787 0.003600 0.024188 0.848318 -0.053626 0.526209
1403638530.927830 0.092297 -0.061685 -0.000130 0.022297 0.847290 -0.053313 0.527977
1403638531.027829 0.093008 -0.061645 -0.002769 0.021246 0.844514 -0.053396 0.532441
1403638531.127830 0.092378 -0.060506 -0.002960 0.023654 0.840880 -0.052153 0.538184
1403638531.227829 0.092934 -0.059221 -0.003653 0.025728 0.840576 -0.049371 0.538825
1403638531.327830 0.092862 -0.057905 -0.004466 0.026404 0.837068 -0.049637 0.544203
1403638531.427830 0.092885 -0.058022 -0.004639 0.026947 0.837994 -0.048946 0.542812
1403638531.527829 0.092514 -0.058093 -0.004566 0.026467 0.837206 -0.049473 0.544003
1403638531.627830 0.092454 -0.058207 -0.004630 0.027162 0.837282 -0.048553 0.543934
1403638531.727829 0.092447 -0.058186 -0.004685 0.027217 0.837378 -0.049100 0.543734
1403638531.827830 0.092501 -0.058198 -0.004726 0.027301 0.837350 -0.049309 0.543754
1403638531.927830 0.092509 -0.058173 -0.004754 0.027287 0.837289 -0.049563 0.543825
1403638532.027829 0.092530 -0.058159 -0.004802 0.027316 0.837240 -0.049783 0.543879
1403638532.127830 0.092579 -0.058199 -0.004809 0.027450 0.837192 -0.049960 0.543931
1403638532.227829 0.092532 -0.058224 -0.004820 0.027677 0.837222 -0.049863 0.543882
1403638532.327830 0.092562 -0.058292 -0.004817 0.027925 0.837146 -0.049924 0.543981
1403638532.427830 0.092547 -0.058336 -0.004819 0.028033 0.837127 -0.049913 0.544005
1403638532.527829 0.092551 -0.058360 -0.004825 0.028111 0.837096 -0.050002 0.544040
1403638532.627830 0.092567 -0.058382 -0.004848 0.028170 0.837084 -0.050095 0.544047
1403638532.727829 0.092560 -0.058379 -0.004865 0.028201 0.837046 -0.050167 0.544098
1403638532.827830 0.092578 -0.058385 -0.004853 0.028228 0.837017 -0.050241 0.544135
1403638532.927830 0.092556 -0.058389 -0.004861 0.028324 0.837002 -0.050224 0.544153
1403638533.027829 0.092566 -0.058419 -0.004856 0.028405 0.836962 -0.050283 0.544206
1403638533.127830 0.092559 -0.058433 -0.004857 0.028439 0.836946 -0.050321 0.544225
1403638533.227829 0.092556 -0.058449 -0.004876 0.028497 0.836914 -0.050372 0.544266
1403638533.327830 0.092567 -0.058455 -0.004869 0.028571 0.836874 -0.050404 0.544320
1403638533.427830 0.092550 -0.058463 -0.004888 0.028533 0.836858 -0.050445 0.544343
1403638533.527829 0.092564 -0.058472 -0.004882 0.028593 0.836826 -0.050475 0.544386
1403638533.627830 0.092566 -0.058497 -0.004878 0.028657 0.836806 -0.050463 0.544415
1403638533.727829 0.092542 -0.058493 -0.004882 0.028713 0.836817 -0.050493 0.544393
1403638533.827830 0.092555 -0.058515 -0.004887 0.028698 0.836754 -0.050569 0.544483
1403638533.927830 0.092600 -0.058513 -0.004939 0.028668 0.836792 -0.050457 0.544437
1403638534.027829 0.092568 -0.058518 -0.004932 0.028757 0.836750 -0.050618 0.544482
1403638534.127830 0.092549 -0.058527 -0.004899 0.028841 0.836777 -0.050767 0.544421
1403638534.227829 0.092533 -0.058500 -0.004886 0.028682 0.836756 -0.050800 0.544460
1403638534.327830 0.092559 -0.058470 -0.004861 0.028468 0.836812 -0.050727 0.544391
1403638534.427830 0.092550 -0.058447 -0.004869 0.028397 0.836902 -0.050745 0.544255
1403638534.527829 0.092542 -0.058496 -0.004852 0.028624 0.836906 -0.050998 0.544214
1403638534.627830 0.092570 -0.058464 -0.004812 0.028399 0.836967 -0.050573 0.544172
1403638534.727829 0.092590 -0.058455 -0.004817 0.028215 0.836968 -0.050320 0.544202
1403638534.827830 0.092580 -0.058462 -0.004813 0.028308 0.836932 -0.050399 0.544246
1403638534.927830 0.092553 -0.058507 -0.004826 0.028587 0.836942 -0.050605 0.544196
1403638535.027829 0.092562 -0.058529 -0.004813 0.028518 0.836960 -0.050562 0.544177
1403638535.127830 0.092554 -0.058527 -0.004799 0.028495 0.836991 -0.050499 0.544136
1403638535.227829 0.092547 -0.058536 -0.004810 0.028428 0.836970 -0.050502 0.544172
1403638535.327830 0.092549 -0.058539 -0.004801 0.028443 0.836963 -0.050535 0.544179
1403638535.427830 0.092548 -0.058515 -0.004779 0.028476 0.836947 -0.050472 0.544207
1403638535.527829 0.092561 -0.058501 -0.004776 0.028415 0.836922 -0.050496 0.544246
1403638535.627830 0.092558 -0.058488 -0.004786 0.028375 0.836956 -0.050431 0.544202
1403638535.727829 0.092559 -0.058489 -0.004779 0.028357 0.836945 -0.050456 0.544218
1403638535.827830 0.092562 -0.058494 -0.004781 0.028285 0.836937 -0.050418 0.544237
1403638535.927830 0.092550 -0.058479 -0.004787 0.028254 0.836945 -0.050440 0.544224
1403638536.027829 0.092553 -0.058489 -0.004777 0.028167 0.836941 -0.050420 0.544238
1403638536.127830 0.092556 -0.058479 -0.004774 0.028137 0.836937 -0.050429 0.544245
1403638536.227829 0.092573 -0.058481 -0.004757 0.028079 0.836920 -0.050416 0.544274
1403638536.327830 0.092572 -0.058477 -0.004771 0.028039 0.836837 -0.050375 0.544408
1403638536.427830 0.092570 -0.058473 -0.004772 0.028097 0.836823 -0.050428 0.544422
1403638536.527829 0.092572 -0.058476 -0.004758 0.028037 0.836836 -0.050365 0.544411
1403638536.627830 0.092557 -0.058457 -0.004762 0.028034 0.836793 -0.050440 0.544471
1403638536.727829 0.092563 -0.058470 -0.004766 0.028116 0.836788 -0.050383 0.544479
1403638536.827830 0.092560 -0.058494 -0.004773 0.028118 0.836771 -0.050430 0.544501
1403638536.927830 0.092558 -0.058512 -0.004770 0.028127 0.836738 -0.050437 0.544550
1403638537.027829 0.092567 -0.058505 -0.004756 0.028121 0.836772 -0.050412 0.544500
1403638537.127830 0.092575 -0.058477 -0.004757 0.028204 0.836755 -0.050339 0.544528
1403638537.227829 0.092577 -0.058458 -0.004739 0.028189 0.836760 -0.050397 0.544517
1403638537.327830 0.092587 -0.058448 -0.004739 0.028124 0.836724 -0.050368 0.544578
1403638537.427830 0.092590 -0.058438 -0.004744 0.028069 0.836712 -0.050324 0.544603
1403638537.527829 0.092598 -0.058421 -0.004724 0.028107 0.836717 -0.050276 0.544598
1403638537.627830 0.092601 -0.058416 -0.004691 0.028232 0.836731 -0.050185 0.544579
1403638537.727829 0.092603 -0.058455 -0.004680 0.028275 0.836793 -0.050224 0.544478
1403638537.827830 0.092597 -0.058424 -0.004658 0.028240 0.836754 -0.050217 0.544540
1403638537.927830 0.092619 -0.058416 -0.004674 0.028161 0.836718 -0.050164 0.544604
1403638538.027829 0.092615 -0.058436 -0.004615 0.028224 0.836782 -0.050214 0.544498
1403638538.127830 0.092602 -0.058434 -0.004600 0.028383 0.836675 -0.050198 0.544655
1403638538.227829 0.092620 -0.058419 -0.004621 0.028345 0.836703 -0.050204 0.544613
1403638538.327830 0.092602 -0.058423 -0.004641 0.028314 0.836728 -0.050105 0.544586
1403638538.427830 0.092679 -0.058394 -0.004561 0.028438 0.836577 -0.050180 0.544805
1403638538.527829 0.092648 -0.058434 -0.004461 0.028486 0.836541 -0.050266 0.544849
1403638538.627830 0.092597 -0.058468 -0.004367 0.028674 0.836350 -0.050364 0.545123
1403638538.727829 0.092561 -0.058533 -0.004251 0.028826 0.836043 -0.050314 0.545591
1403638538.827830 0.093329 -0.058365 -0.004116 0.028410 0.835517 -0.049865 0.546459
1403638538.927830 0.095584 -0.058111 -0.002441 0.028822 0.832602 -0.049376 0.550913
1403638539.027829 0.099013 -0.057928 0.000685 0.029702 0.827942 -0.049943 0.557796
1403638539.127830 0.104925 -0.057892 0.006565 0.029381 0.821369 -0.051382 0.567318
1403638539.227829 0.112870 -0.057429 0.018193 0.029137 0.816648 -0.050795 0.574158
1403638539.327830 0.121340 -0.057206 0.037493 0.028550 0.815766 -0.050483 0.575467
1403638539.427830 0.130173 -0.057492 0.063823 0.028356 0.817372 -0.049315 0.573295
1403638539.527829 0.138829 -0.057896 0.095702 0.027950 0.819328 -0.048104 0.570620
1403638539.627830 0.147388 -0.058433 0.127975 0.027089 0.819993 -0.047144 0.569785
1403638539.727829 0.156359 -0.058887 0.150578 0.026479 0.820623 -0.046140 0.568988
1403638539.827830 0.168419 -0.059737 0.160641 0.026187 0.822252 -0.044739 0.566758
1403638539.927830 0.181227 -0.059502 0.168678 0.024932 0.826100 -0.044034 0.561247
1403638540.027829 0.200323 -0.060080 0.174205 0.023620 0.831520 -0.044401 0.553213
1403638540.127830 0.220186 -0.061309 0.181496 0.023379 0.837344 -0.044166 0.544387
1403638540.227829 0.250846 -0.062233 0.188285 0.023722 0.837256 -0.042821 0.544616
1403638540.327830 0.288211 -0.062445 0.199410 0.024352 0.831037 -0.041842 0.554106
1403638540.427830 0.328616 -0.063385 0.206598 0.023541 0.826450 -0.037953 0.561235
1403638540.527829 0.373504 -0.062711 0.211338 0.018112 0.825872 -0.029384 0.562800
1403638540.627830 0.420206 -0.060680 0.216813 0.009348 0.825902 -0.015456 0.563525
1403638540.727829 0.468979 -0.057521 0.222521 0.002233 0.824834 0.005987 0.565338
1403638540.827830 0.519117 -0.051380 0.227925 -0.006699 0.823892 0.032327 0.565784
1403638540.927830 0.570032 -0.041263 0.230793 -0.018421 0.822572 0.060420 0.565142
1403638541.027829 0.622116 -0.026519 0.232001 -0.033320 0.820578 0.082921 0.564505
1403638541.127830 0.674962 -0.008652 0.230915 -0.045548 0.818080 0.099139 0.564660
1403638541.227829 0.728246 0.012708 0.225309 -0.053079 0.817079 0.110077 0.563424
1403638541.327830 0.781458 0.038756 0.222560 -0.056934 0.816420 0.115916 0.562832
1403638541.427830 0.833605 0.070738 0.226134 -0.059173 0.816467 0.117018 0.562306
1403638541.527829 0.883587 0.106843 0.234546 -0.057823 0.815225 0.117702 0.564101
1403638541.627830 0.936851 0.151004 0.251544 -0.058387 0.813635 0.119685 0.565919
1403638541.727829 0.988703 0.199271 0.274291 -0.065713 0.811753 0.124014 0.566886
1403638541.827830 1.039937 0.254429 0.305833 -0.077597 0.810656 0.130180 0.565570
1403638541.927830 1.086533 0.311733 0.338577 -0.089544 0.809394 0.141838 0.562802
1403638542.027829 1.130739 0.370109 0.365596 -0.102989 0.807435 0.157670 0.559090
1403638542.127830 1.175990 0.428815 0.386506 -0.116509 0.804369 0.176808 0.555117
1403638542.227829 1.220295 0.488517 0.401110 -0.132520 0.800297 0.197675 0.550352
1403638542.327830 1.265346 0.549793 0.410549 -0.146799 0.794963 0.221023 0.545557
1403638542.427830 1.312288 0.612147 0.417456 -0.156679 0.783675 0.241199 0.550570
1403638542.527829 1.356640 0.674285 0.421244 -0.157327 0.770142 0.260133 0.560768
1403638542.627830 1.396423 0.739470 0.424212 -0.154468 0.761773 0.274521 0.566110
1403638542.727829 1.428560 0.808086 0.431732 -0.158194 0.762218 0.278663 0.562446
1403638542.827830 1.455144 0.881500 0.447087 -0.167059 0.766956 0.275521 0.554939
1403638542.927830 1.475133 0.957235 0.468975 -0.172661 0.772600 0.271977 0.547089
1403638543.027829 1.489304 1.032684 0.497522 -0.175501 0.776698 0.269110 0.541774
1403638543.127830 1.502102 1.109742 0.523516 -0.177220 0.779047 0.265771 0.539486
1403638543.227829 1.515539 1.186028 0.545469 -0.176316 0.780040 0.264021 0.539207
1403638543.327830 1.528915 1.264388 0.559667 -0.176384 0.780730 0.261676 0.539328
1403638543.427830 1.544009 1.346211 0.570241 -0.177181 0.780771 0.262888 0.538418
1403638543.527829 1.557968 1.427319 0.580541 -0.180770 0.779039 0.269813 0.536304
1403638543.627830 1.571486 1.510630 0.582322 -0.185881 0.774441 0.285295 0.533194
1403638543.727829 1.584890 1.595088 0.587648 -0.194931 0.767519 0.304452 0.529364
1403638543.827830 1.595065 1.678280 0.596207 -0.204871 0.757590 0.327465 0.526166
1403638543.927830 1.603716 1.761326 0.612200 -0.219356 0.747987 0.348106 0.520789
1403638544.027829 1.612740 1.843196 0.633574 -0.234256 0.741357 0.362630 0.513822
1403638544.127830 1.623244 1.926884 0.656246 -0.246015 0.737820 0.371937 0.506717
1403638544.227829 1.635278 2.011595 0.675126 -0.255533 0.734977 0.376282 0.502915
1403638544.327830 1.649628 2.099035 0.687335 -0.259797 0.733278 0.379366 0.500890
1403638544.427830 1.664428 2.187192 0.694772 -0.260786 0.733894 0.380519 0.498594
1403638544.527829 1.680990 2.279433 0.702036 -0.259800 0.733142 0.380513 0.500218
1403638544.627830 1.697519 2.373192 0.710244 -0.264132 0.727837 0.379790 0.506209
1403638544.727829 1.714427 2.466370 0.724799 -0.267673 0.723362 0.379844 0.510703
1403638544.827830 1.729433 2.559634 0.743984 -0.266473 0.725081 0.381742 0.507467
1403638544.927830 1.743862 2.651285 0.756741 -0.265261 0.727945 0.383173 0.502903
1403638545.027829 1.760413 2.739398 0.762418 -0.266613 0.727377 0.383383 0.502850
1403638545.127830 1.773488 2.825899 0.764703 -0.267662 0.726245 0.383677 0.503703
1403638545.227829 1.789957 2.915080 0.758801 -0.266334 0.726553 0.385324 0.502705
1403638545.327830 1.804388 3.002613 0.750140 -0.266966 0.724452 0.385795 0.505036
1403638545.427830 1.821459 3.093058 0.735330 -0.268826 0.723485 0.384928 0.506095
1403638545.527829 1.837892 3.183624 0.720492 -0.271751 0.722188 0.388376 0.503746
1403638545.627830 1.850964 3.269874 0.713370 -0.278812 0.718568 0.397257 0.498106
1403638545.727829 1.865744 3.352683 0.708807 -0.287027 0.712207 0.411372 0.491070
1403638545.827830 1.881618 3.437153 0.714172 -0.297186 0.701597 0.429784 0.484488
1403638545.927830 1.896390 3.522835 0.725679 -0.307413 0.689818 0.450906 0.475743
1403638546.027829 1.911620 3.609543 0.743438 -0.315824 0.677462 0.471460 0.468002
1403638546.127830 1.928706 3.700570 0.758816 -0.321979 0.666724 0.487468 0.462799
1403638546.227829 1.944181 3.794229 0.767619 -0.329023 0.660314 0.496677 0.457210
1403638546.327830 1.958641 3.888655 0.769560 -0.334928 0.657130 0.501414 0.452313
1403638546.427830 1.971700 3.984187 0.766218 -0.339648 0.656773 0.502525 0.448059
1403638546.527829 1.983769 4.078961 0.759451 -0.340798 0.655710 0.504360 0.446679
1403638546.627830 1.995060 4.173852 0.756486 -0.342880 0.651920 0.509378 0.444936
1403638546.727829 2.005602 4.272634 0.761705 -0.346573 0.646985 0.515166 0.442608
1403638546.827830 2.015984 4.373632 0.776819 -0.347402 0.642586 0.520942 0.441605
1403638546.927830 2.024035 4.477129 0.795322 -0.347621 0.639480 0.525129 0.440982
1403638547.027829 2.031426 4.581762 0.808437 -0.346173 0.636370 0.528966 0.442032
1403638547.127830 2.034971 4.685592 0.813814 -0.342799 0.633604 0.532950 0.443845
1403638547.227829 2.036859 4.792943 0.815968 -0.340762 0.632332 0.534949 0.444823
1403638547.327830 2.031651 4.897565 0.811387 -0.339654 0.631373 0.535770 0.446043
1403638547.427830 2.023733 5.005837 0.806404 -0.344747 0.634755 0.531889 0.441961
1403638547.527829 2.013218 5.113785 0.798055 -0.349518 0.638055 0.527883 0.438249
1403638547.627830 1.998454 5.215167 0.781263 -0.351969 0.640203 0.525388 0.436148
1403638547.727829 1.986122 5.327473 0.762660 -0.350497 0.640591 0.524977 0.437258
1403638547.827830 1.967960 5.428410 0.736762 -0.346549 0.638301 0.527313 0.440926
1403638547.927830 1.951363 5.542538 0.712315 -0.346130 0.638093 0.527283 0.441593
1403638548.027829 1.931960 5.659161 0.693564 -0.347444 0.637532 0.528352 0.440091
1403638548.127830 1.907028 5.773444 0.681584 -0.351020 0.634687 0.532268 0.436632
1403638548.227829 1.884234 5.900229 0.680319 -0.356916 0.629414 0.538953 0.431252
1403638548.327830 1.858201 6.023134 0.686511 -0.364593 0.621396 0.548748 0.424046
1403638548.427830 1.831606 6.147661 0.701154 -0.371674 0.611731 0.561044 0.415780
1403638548.527829 1.805827 6.276421 0.717522 -0.379408 0.603215 0.569675 0.409453
1403638548.627830 1.779980 6.398199 0.731145 -0.384668 0.595908 0.576698 0.405393
1403638548.727829 1.755876 6.519271 0.741783 -0.388440 0.591317 0.581361 0.401844
1403638548.827830 1.730945 6.643482 0.752643 -0.390816 0.588370 0.584523 0.399270
1403638548.927830 1.704408 6.771389 0.770831 -0.392688 0.586722 0.585848 0.397914
1403638549.027829 1.675961 6.900004 0.793057 -0.391772 0.586037 0.587655 0.397161
1403638549.127830 1.649292 7.021898 0.823434 -0.394048 0.586476 0.586244 0.396345
1403638549.227829 1.620813 7.148997 0.858156 -0.394434 0.586544 0.585772 0.396559
1403638549.327830 1.593907 7.277271 0.899498 -0.395994 0.587775 0.583963 0.395848
1403638549.427830 1.565052 7.406692 0.940212 -0.398427 0.589041 0.581453 0.395220
1403638549.527829 1.538237 7.538566 0.977257 -0.399181 0.590348 0.580017 0.394618
1403638549.627830 1.511598 7.671708 1.007250 -0.401154 0.589573 0.578109 0.396572
1403638549.727829 1.487588 7.806232 1.035545 -0.399967 0.589070 0.578032 0.398625
1403638549.827830 1.464270 7.942174 1.065897 -0.400034 0.590785 0.577592 0.396652
1403638549.927830 1.441683 8.076831 1.104798 -0.398083 0.591594 0.578422 0.396200
1403638550.027829 1.420492 8.218892 1.151570 -0.398708 0.592607 0.577767 0.395012
1403638550.127830 1.399553 8.360418 1.205697 -0.399784 0.593507 0.577275 0.393289
1403638550.227829 1.380907 8.503236 1.267025 -0.399588 0.593305 0.578001 0.392726
1403638550.327830 1.362394 8.649508 1.335758 -0.398868 0.592453 0.578787 0.393585
1403638550.427830 1.346037 8.795098 1.400024 -0.401036 0.591994 0.577887 0.393396
1403638550.527829 1.330861 8.940119 1.457953 -0.403525 0.593271 0.576356 0.391166
1403638550.627830 1.318220 9.085377 1.506871 -0.408175 0.592556 0.573250 0.391989
1403638550.727829 1.309503 9.229123 1.554709 -0.412366 0.591387 0.570332 0.393621
1403638550.827830 1.304937 9.369171 1.592142 -0.415901 0.589134 0.567570 0.397255
1403638550.927830 1.304372 9.506800 1.627383 -0.422206 0.584663 0.562746 0.404016
1403638551.027829 1.304716 9.641306 1.658932 -0.427330 0.581605 0.558914 0.408339
1403638551.127830 1.307875 9.768083 1.688375 -0.430491 0.580752 0.556504 0.409522
1403638551.227829 1.315451 9.885009 1.722108 -0.434167 0.581194 0.554489 0.407743
1403638551.327830 1.329406 9.996830 1.763740 -0.431436 0.585625 0.553596 0.405509
1403638551.427830 1.347086 10.107639 1.803192 -0.425544 0.596179 0.547039 0.405255
1403638551.527829 1.373552 10.214373 1.840940 -0.418309 0.610900 0.534315 0.407831
1403638551.627830 1.404909 10.324930 1.873545 -0.412147 0.627447 0.516395 0.412045
1403638551.727829 1.445959 10.427730 1.902040 -0.404215 0.642753 0.497985 0.418915
1403638551.827830 1.496096 10.527674 1.923796 -0.394578 0.656249 0.480126 0.427930
1403638551.927830 1.553990 10.619777 1.944404 -0.382535 0.663060 0.469282 0.440219
1403638552.027829 1.618481 10.704401 1.971136 -0.371880 0.664873 0.463005 0.453074
1403638552.127830 1.686538 10.778513 2.003117 -0.364149 0.667905 0.459139 0.458791
1403638552.227829 1.757768 10.844576 2.039712 -0.359465 0.672855 0.457077 0.457310
1403638552.327830 1.831894 10.903283 2.078411 -0.357394 0.675521 0.455819 0.456256
1403638552.427830 1.910700 10.959668 2.113669 -0.363176 0.673996 0.450818 0.458907
1403638552.527829 1.991721 11.001004 2.143759 -0.370080 0.670442 0.446044 0.463242
1403638552.627830 2.077036 11.038449 2.168183 -0.373609 0.666932 0.444611 0.466840
1403638552.727829 2.165849 11.067037 2.185735 -0.373434 0.666113 0.446528 0.466318
1403638552.827830 2.258092 11.087246 2.198428 -0.372206 0.664880 0.449645 0.466066
1403638552.927830 2.354282 11.104513 2.205654 -0.368256 0.663378 0.455358 0.465796
1403638553.027829 2.452327 11.112937 2.209556 -0.363466 0.661004 0.461413 0.466974
1403638553.127830 2.551059 11.119189 2.209214 -0.363933 0.658018 0.463819 0.468440
1403638553.227829 2.650064 11.118071 2.207510 -0.372143 0.652900 0.460167 0.472734
1403638553.327830 2.750065 11.110483 2.208511 -0.377022 0.647026 0.458690 0.478347
1403638553.427830 2.848760 11.092081 2.215171 -0.374915 0.641763 0.461525 0.484328
1403638553.527829 2.946187 11.063469 2.227849 -0.371773 0.637250 0.464949 0.489407
1403638553.627830 3.039501 11.019305 2.244357 -0.368849 0.634247 0.467617 0.492966
1403638553.727829 3.130156 10.965423 2.268417 -0.367279 0.633866 0.469615 0.492729
1403638553.827830 3.218065 10.903349 2.299260 -0.365065 0.635207 0.471588 0.490759
1403638553.927830 3.297281 10.829964 2.333460 -0.362877 0.637055 0.472866 0.488753
1403638554.027829 3.381267 10.757816 2.369453 -0.363275 0.641664 0.472684 0.482565
1403638554.127830 3.453206 10.671031 2.395068 -0.360906 0.643448 0.474402 0.480275
1403638554.227829 3.534721 10.593432 2.421504 -0.352610 0.648502 0.480673 0.473355
1403638554.327830 3.603094 10.501756 2.435548 -0.345468 0.652998 0.486006 0.466951
1403638554.427830 3.679558 10.422981 2.453366 -0.341759 0.655413 0.489076 0.463076
1403638554.527829 3.748610 10.342322 2.466029 -0.340164 0.656173 0.490461 0.461707
1403638554.627830 3.814041 10.261393 2.474964 -0.342951 0.657969 0.489030 0.458598
1403638554.727829 3.876513 10.175712 2.486070 -0.348627 0.658850 0.485314 0.456997
1403638554.827830 3.939940 10.096388 2.504155 -0.353119 0.659685 0.482650 0.455161
1403638554.927830 4.003669 10.014418 2.524469 -0.356459 0.659955 0.480093 0.454870
1403638555.027829 4.068674 9.932206 2.541251 -0.356800 0.661738 0.475804 0.456517
1403638555.127830 4.137864 9.855118 2.554882 -0.350584 0.666380 0.470980 0.459572
1403638555.227829 4.206515 9.770114 2.559552 -0.344564 0.673265 0.462722 0.462469
1403638555.327830 4.278056 9.690099 2.564228 -0.338631 0.678574 0.455901 0.465854
1403638555.427830 4.352214 9.606054 2.564837 -0.330942 0.680787 0.453059 0.470898
1403638555.527829 4.424949 9.522306 2.560067 -0.328014 0.682893 0.449471 0.473328
1403638555.627830 4.498159 9.438605 2.557317 -0.325678 0.683954 0.448018 0.474785
1403638555.727829 4.570175 9.353700 2.562274 -0.325969 0.685448 0.446697 0.473674
1403638555.827830 4.641331 9.267930 2.577083 -0.324467 0.685783 0.447859 0.473123
1403638555.927830 4.711941 9.181642 2.595186 -0.323070 0.685470 0.449390 0.473081
1403638556.027829 4.783609 9.103769 2.620888 -0.322099 0.684317 0.450762 0.474106
1403638556.127830 4.855459 9.023983 2.646134 -0.320828 0.686300 0.451862 0.471044
1403638556.227829 4.927502 8.949883 2.664693 -0.318631 0.690912 0.453128 0.464533
1403638556.327830 5.000659 8.874257 2.678459 -0.317645 0.693501 0.453768 0.460708
1403638556.427830 5.074168 8.810342 2.690505 -0.316539 0.695506 0.454488 0.457729
1403638556.527829 5.151769 8.744238 2.700863 -0.313731 0.699028 0.455841 0.452926
1403638556.627830 5.228197 8.692235 2.711976 -0.317894 0.702199 0.452054 0.448896
1403638556.727829 5.307697 8.646479 2.726421 -0.325360 0.701870 0.445944 0.450171
1403638556.827830 5.393630 8.593607 2.749419 -0.331607 0.699058 0.441554 0.454297
1403638556.927830 5.483037 8.551931 2.778162 -0.336252 0.697798 0.438105 0.456154
1403638557.027829 5.579134 8.508183 2.805247 -0.337442 0.696544 0.437488 0.457781
1403638557.127830 5.681300 8.462942 2.825269 -0.335060 0.694760 0.439760 0.460059
1403638557.227829 5.786984 8.411661 2.839116 -0.334086 0.693373 0.440834 0.461829
1403638557.327830 5.894832 8.367827 2.846576 -0.332923 0.692512 0.442101 0.462747
1403638557.427830 6.005683 8.322112 2.853543 -0.329588 0.690479 0.445065 0.465325
1403638557.527829 6.118312 8.277149 2.865298 -0.323858 0.687704 0.449425 0.469250
1403638557.627830 6.229841 8.231855 2.882693 -0.320541 0.685497 0.451902 0.472369
1403638557.727829 6.339948 8.189258 2.904758 -0.319391 0.684837 0.452610 0.473426
1403638557.827830 6.448572 8.147266 2.925076 -0.317399 0.684586 0.453391 0.474381
1403638557.927830 6.556554 8.105106 2.939051 -0.314615 0.684850 0.455105 0.474212
1403638558.027829 6.663454 8.063805 2.945897 -0.313020 0.687509 0.456185 0.470366
1403638558.127830 6.769877 8.023037 2.948457 -0.311022 0.692568 0.457154 0.463276
1403638558.227829 6.877620 7.986022 2.952284 -0.308133 0.698759 0.458519 0.454478
1403638558.327830 6.986908 7.955288 2.963923 -0.304036 0.700429 0.460902 0.452250
1403638558.427830 7.096347 7.931740 2.986481 -0.297961 0.702796 0.464517 0.448911
1403638558.527829 7.205225 7.916658 3.015459 -0.294547 0.705980 0.466075 0.444531
1403638558.627830 7.317174 7.910858 3.051497 -0.299418 0.707257 0.462133 0.443362
1403638558.727829 7.432336 7.914009 3.090629 -0.309854 0.707850 0.454280 0.443360
1403638558.827830 7.548080 7.924682 3.125770 -0.315233 0.707392 0.449977 0.444686
1403638558.927830 7.670913 7.937845 3.152380 -0.316050 0.704266 0.449348 0.449677
1403638559.027829 7.795189 7.956109 3.171838 -0.316677 0.699155 0.449194 0.457299
1403638559.127830 7.920102 7.978075 3.183733 -0.317709 0.695381 0.448904 0.462592
1403638559.227829 8.044285 8.002677 3.188923 -0.316715 0.692096 0.450441 0.466688
1403638559.327830 8.168013 8.028755 3.187367 -0.314920 0.689730 0.452496 0.469410
1403638559.427830 8.289534 8.055506 3.179967 -0.310755 0.687060 0.456155 0.472550
1403638559.527829 8.406460 8.083303 3.168266 -0.309351 0.685165 0.457587 0.474832
1403638559.627830 8.520533 8.112264 3.152255 -0.309601 0.683456 0.458142 0.476593
1403638559.727829 8.632107 8.142523 3.136279 -0.309967 0.682537 0.458704 0.477130
1403638559.827830 8.740083 8.174320 3.125351 -0.311215 0.683098 0.458726 0.475493
1403638559.927830 8.845716 8.208437 3.119526 -0.311425 0.684203 0.456193 0.476203
1403638560.027829 8.952155 8.242229 3.109112 -0.308367 0.690113 0.446783 0.478581
1403638560.127830 9.057784 8.275658 3.091925 -0.301046 0.699234 0.431110 0.484342
1403638560.227829 9.162987 8.309641 3.068559 -0.289448 0.709983 0.411602 0.492674
1403638560.327830 9.267034 8.342743 3.043579 -0.277614 0.719202 0.388803 0.504491
1403638560.427830 9.367703 8.374074 3.016386 -0.265757 0.727466 0.364184 0.517240
1403638560.527829 9.463884 8.403469 2.984730 -0.253174 0.735757 0.338676 0.529021
1403638560.627830 9.555669 8.428555 2.948853 -0.242958 0.746239 0.310745 0.536225
1403638560.727829 9.643342 8.448155 2.912057 -0.235684 0.756603 0.283233 0.540171
1403638560.827830 9.728606 8.460335 2.881400 -0.225246 0.764079 0.260186 0.545665
1403638560.927830 9.813666 8.466499 2.857978 -0.214907 0.769890 0.237547 0.551956
1403638561.027829 9.898411 8.464655 2.842903 -0.201959 0.772426 0.217795 0.561370
1403638561.127830 9.978924 8.454171 2.834502 -0.190313 0.774921 0.198522 0.569094
1403638561.227829 10.056284 8.436011 2.832686 -0.181223 0.776058 0.182987 0.575680
1403638561.327830 10.128576 8.410970 2.837435 -0.175036 0.777643 0.173115 0.578502
1403638561.427830 10.194278 8.377713 2.839893 -0.163056 0.783711 0.173541 0.573667
1403638561.527829 10.256620 8.336864 2.838822 -0.150680 0.788158 0.178612 0.569385
1403638561.627830 10.316228 8.294517 2.830521 -0.144006 0.790886 0.182429 0.566110
1403638561.727829 10.370484 8.249974 2.818151 -0.142568 0.791695 0.184888 0.564544
1403638561.827830 10.423243 8.205944 2.799520 -0.141166 0.791163 0.186859 0.564992
1403638561.927830 10.473310 8.158151 2.777097 -0.137011 0.791110 0.185710 0.566467
1403638562.027829 10.520941 8.111202 2.750437 -0.131491 0.792522 0.178263 0.568191
1403638562.127830 10.565545 8.060465 2.731586 -0.124136 0.794531 0.168506 0.570014
1403638562.227829 10.607533 8.011057 2.717327 -0.117177 0.795895 0.160321 0.571943
1403638562.327830 10.646661 7.963977 2.709709 -0.111105 0.797100 0.150467 0.574149
1403638562.427830 10.682941 7.915658 2.706038 -0.104188 0.798561 0.136626 0.576869
1403638562.527829 10.717316 7.866643 2.708461 -0.095209 0.801584 0.118850 0.578164
1403638562.627830 10.749374 7.817570 2.717288 -0.086479 0.803683 0.096350 0.580802
1403638562.727829 10.777300 7.766967 2.729684 -0.077421 0.806235 0.071382 0.582148
1403638562.827830 10.801919 7.712931 2.740295 -0.066045 0.807984 0.045841 0.583694
1403638562.927830 10.820740 7.655199 2.745318 -0.052208 0.809421 0.021844 0.584495
1403638563.027829 10.835743 7.594505 2.744900 -0.039987 0.809631 -0.001046 0.585575
1403638563.127830 10.846223 7.530416 2.739642 -0.032821 0.810011 -0.025162 0.584954
1403638563.227829 10.852839 7.460928 2.730578 -0.019483 0.808296 -0.040962 0.587027
1403638563.327830 10.854532 7.387021 2.716987 -0.009631 0.803722 -0.051796 0.592668
1403638563.427830 10.849934 7.308965 2.698965 -0.005748 0.795107 -0.060014 0.603465
1403638563.527829 10.838291 7.226779 2.675786 -0.002168 0.792913 -0.062639 0.606103
1403638563.627830 10.819718 7.139490 2.656011 0.001430 0.795594 -0.061774 0.602671
1403638563.727829 10.793905 7.047018 2.643191 -0.001048 0.798474 -0.062316 0.598795
1403638563.827830 10.763101 6.949296 2.637401 -0.004835 0.799868 -0.062285 0.596916
1403638563.927830 10.726683 6.847144 2.640907 -0.008184 0.799294 -0.061093 0.597771
1403638564.027829 10.685517 6.738672 2.645731 -0.012069 0.798926 -0.058813 0.598425
1403638564.127830 10.636342 6.626225 2.645699 -0.015343 0.798776 -0.055446 0.598871
1403638564.227829 10.582161 6.507570 2.641555 -0.015764 0.798048 -0.049971 0.600311
1403638564.327830 10.525930 6.379852 2.639339 -0.013961 0.797014 -0.043446 0.602235
1403638564.427830 10.459497 6.253162 2.644073 -0.014286 0.795052 -0.039529 0.605083
1403638564.527829 10.388495 6.120407 2.655538 -0.015501 0.795100 -0.037195 0.605138
1403638564.627830 10.306006 5.988405 2.668049 -0.019577 0.797250 -0.038080 0.602128
1403638564.727829 10.220515 5.850082 2.677996 -0.024494 0.798662 -0.041329 0.599859
1403638564.827830 10.126850 5.707315 2.679106 -0.027275 0.798876 -0.044384 0.599235
1403638564.927830 10.031623 5.560836 2.671103 -0.029468 0.798079 -0.046882 0.600003
1403638565.027829 9.927974 5.404797 2.639407 -0.030785 0.798035 -0.047741 0.599928
1403638565.127830 9.822152 5.245177 2.598192 -0.031697 0.798695 -0.048400 0.598949
1403638565.227829 9.714562 5.077888 2.544066 -0.031342 0.799544 -0.047993 0.597866
1403638565.327830 9.602912 4.904340 2.485556 -0.029012 0.800439 -0.047127 0.596855
1403638565.427830 9.487785 4.727054 2.424856 -0.026697 0.801297 -0.045836 0.595910
1403638565.527829 9.369046 4.543001 2.367199 -0.021230 0.799224 -0.044156 0.599033
1403638565.627830 9.248040 4.357505 2.317471 -0.012737 0.797640 -0.040692 0.601625
1403638565.727829 9.123094 4.171029 2.275361 -0.000571 0.798712 -0.034348 0.600733
1403638565.827830 8.992644 3.987023 2.240287 0.005723 0.801658 -0.031803 0.596909
1403638565.927830 8.855944 3.805511 2.211558 0.011787 0.803991 -0.029830 0.593776
1403638566.027829 8.716235 3.627098 2.181077 0.012574 0.805166 -0.030814 0.592115
1403638566.127830 8.573852 3.452306 2.142969 0.013004 0.805303 -0.031219 0.591898
1403638566.227829 8.430347 3.281367 2.095471 0.013372 0.804983 -0.031034 0.592334
1403638566.327830 8.287848 3.113079 2.040228 0.012733 0.806006 -0.030955 0.590960
1403638566.427830 8.145168 2.947896 1.977664 0.012309 0.805880 -0.029697 0.591206
1403638566.527829 8.004525 2.787886 1.909189 0.010274 0.806213 -0.029068 0.590822
1403638566.627830 7.864632 2.633004 1.833464 0.008419 0.812827 -0.027928 0.581774
1403638566.727829 7.726871 2.482630 1.750896 0.007388 0.825103 -0.026870 0.564295
1403638566.827830 7.595171 2.332747 1.664713 0.007813 0.834750 -0.023708 0.550062
1403638566.927830 7.470172 2.186213 1.576602 0.007555 0.840917 -0.021083 0.540701
1403638567.027829 7.355357 2.044513 1.486991 0.006377 0.840738 -0.019795 0.541043
1403638567.127830 7.247646 1.905201 1.400049 0.008045 0.828136 -0.017325 0.560201
1403638567.227829 7.143976 1.766952 1.308004 0.009606 0.816805 -0.015748 0.576619
1403638567.327830 7.041567 1.633724 1.210324 0.012746 0.811152 -0.014522 0.584517
1403638567.427830 6.938077 1.503883 1.112306 0.014996 0.810675 -0.014806 0.585117
1403638567.527829 6.833640 1.376952 1.019212 0.016643 0.813215 -0.015921 0.581508
1403638567.627830 6.728071 1.253809 0.935172 0.018748 0.817072 -0.016997 0.575980
1403638567.727829 6.626298 1.136409 0.861331 0.021367 0.820253 -0.017616 0.571330
1403638567.827830 6.528659 1.023769 0.796881 0.023306 0.824275 -0.017979 0.565424
1403638567.927830 6.438598 0.916533 0.740150 0.020966 0.825835 -0.020548 0.563146
1403638568.027829 6.353126 0.814980 0.690619 0.022179 0.826509 -0.020652 0.562108
1403638568.127830 6.272528 0.717549 0.651634 0.024934 0.825657 -0.019157 0.563295
1403638568.227829 6.196723 0.626571 0.621417 0.027044 0.824971 -0.018089 0.564237
1403638568.327830 6.124802 0.539829 0.595205 0.027843 0.825142 -0.018072 0.563949
1403638568.427830 6.054193 0.458572 0.562965 0.028008 0.826399 -0.018511 0.562083
1403638568.527829 5.990050 0.379927 0.529120 0.028677 0.827192 -0.017968 0.560899
1403638568.627830 5.928171 0.306591 0.488787 0.029326 0.828822 -0.017594 0.558466
1403638568.727829 5.870991 0.236764 0.450765 0.030901 0.830189 -0.015908 0.556398
1403638568.827830 5.817482 0.173224 0.419044 0.028867 0.830157 -0.016915 0.556525
1403638568.927830 5.769178 0.115582 0.392934 0.029917 0.830112 -0.016277 0.556556
1403638569.027829 5.724609 0.062436 0.377456 0.029879 0.829258 -0.016306 0.557828
1403638569.127830 5.687433 0.016473 0.367769 0.031546 0.829375 -0.015136 0.557596
1403638569.227829 5.649335 -0.028896 0.363645 0.033446 0.830884 -0.014178 0.555258
1403638569.327830 5.618378 -0.066113 0.354706 0.034599 0.831595 -0.013987 0.554127
1403638569.427830 5.589560 -0.101614 0.343116 0.035467 0.830625 -0.013419 0.555540
1403638569.527829 5.568993 -0.128730 0.324467 0.035524 0.829408 -0.013138 0.557358
1403638569.627830 5.552810 -0.150501 0.306953 0.035058 0.828021 -0.013757 0.559431
1403638569.727829 5.541177 -0.166453 0.296597 0.035848 0.827124 -0.013432 0.560714
1403638569.827830 5.532759 -0.175002 0.293281 0.035819 0.826499 -0.012990 0.561647
1403638569.927830 5.528457 -0.178894 0.295145 0.036897 0.824686 -0.012332 0.564251
1403638570.027829 5.527823 -0.176710 0.297966 0.034699 0.823529 -0.013560 0.566050
1403638570.127830 5.529364 -0.169421 0.296215 0.031164 0.823711 -0.015888 0.565929
1403638570.227829 5.532211 -0.159320 0.288305 0.025071 0.823306 -0.019248 0.566717
1403638570.327830 5.536889 -0.147337 0.274790 0.016254 0.823085 -0.025573 0.567109
1403638570.427830 5.543182 -0.134801 0.256990 0.012587 0.822876 -0.035718 0.566958
1403638570.527829 5.551692 -0.125782 0.232377 0.006321 0.821876 -0.057657 0.566706
1403638570.627830 5.555259 -0.123203 0.202806 0.002205 0.818453 -0.086817 0.567973
1403638570.727829 5.560647 -0.130210 0.170112 0.007668 0.810802 -0.114400 0.573981
1403638570.827830 5.561222 -0.146734 0.135889 0.017066 0.798551 -0.141526 0.584804
1403638570.927830 5.555513 -0.173652 0.098750 0.031161 0.788943 -0.164412 0.591242
1403638571.027829 5.542892 -0.212220 0.057765 0.046275 0.782371 -0.185562 0.592723
1403638571.127830 5.522160 -0.260595 0.013657 0.066475 0.783641 -0.201492 0.583857
1403638571.227829 5.493010 -0.316852 -0.023744 0.087950 0.786136 -0.210130 0.574543
1403638571.327830 5.458227 -0.378840 -0.051134 0.106216 0.786618 -0.214867 0.569019
1403638571.427830 5.417065 -0.443444 -0.068119 0.114037 0.784508 -0.220878 0.568116
1403638571.527829 5.370272 -0.511497 -0.077660 0.119952 0.781461 -0.224208 0.569790
1403638571.627830 5.318490 -0.582169 -0.088687 0.126546 0.780178 -0.231071 0.567375
1403638571.727829 5.263703 -0.655925 -0.104780 0.133497 0.780170 -0.242692 0.560904
1403638571.827830 5.205551 -0.732643 -0.125706 0.141726 0.778842 -0.257996 0.553856
1403638571.927830 5.145126 -0.812836 -0.147366 0.149046 0.774127 -0.277274 0.549210
1403638572.027829 5.082185 -0.897323 -0.162346 0.157882 0.767745 -0.296788 0.545489
1403638572.127830 5.016133 -0.985881 -0.168946 0.168862 0.760464 -0.314807 0.542289
1403638572.227829 4.945628 -1.077091 -0.167385 0.185469 0.754999 -0.329641 0.535644
1403638572.327830 4.873856 -1.170969 -0.164635 0.198803 0.750801 -0.347467 0.525397
1403638572.427830 4.802012 -1.269120 -0.165755 0.212456 0.746078 -0.364205 0.515349
1403638572.527829 4.730630 -1.370301 -0.168871 0.225119 0.742656 -0.374793 0.507261
1403638572.627830 4.661159 -1.475141 -0.172442 0.233633 0.739457 -0.381366 0.503169
1403638572.727829 4.593566 -1.583698 -0.171470 0.240722 0.739158 -0.383914 0.498306
1403638572.827830 4.529311 -1.695986 -0.161813 0.246507 0.741292 -0.383026 0.492962
1403638572.927830 4.469550 -1.811790 -0.144943 0.247878 0.743167 -0.382434 0.489901
1403638573.027829 4.413973 -1.930604 -0.128301 0.248235 0.745626 -0.381257 0.486892
1403638573.127830 4.363360 -2.051800 -0.117617 0.246964 0.747829 -0.379652 0.485413
1403638573.227829 4.316913 -2.175299 -0.111335 0.245403 0.748745 -0.377887 0.486169
1403638573.327830 4.276589 -2.301197 -0.104631 0.243910 0.749785 -0.375823 0.486916
1403638573.427830 4.237898 -2.431160 -0.098061 0.244874 0.750852 -0.376168 0.484515
1403638573.527829 4.208928 -2.562903 -0.083414 0.247898 0.750666 -0.376243 0.483206
1403638573.627830 4.181301 -2.697526 -0.061218 0.249160 0.750286 -0.376655 0.482827
1403638573.727829 4.159646 -2.832651 -0.033408 0.253536 0.749629 -0.378575 0.480059
1403638573.827830 4.145043 -2.970420 -0.002770 0.264390 0.742527 -0.382719 0.481953
1403638573.927830 4.135991 -3.108834 0.023459 0.278583 0.730100 -0.391535 0.485845
1403638574.027829 4.131223 -3.244448 0.043282 0.286346 0.711937 -0.409937 0.493055
1403638574.127830 4.127200 -3.376261 0.057446 0.292025 0.690553 -0.433083 0.500298
1403638574.227829 4.121129 -3.504417 0.066661 0.299368 0.669592 -0.456944 0.503218
1403638574.327830 4.111337 -3.627971 0.071339 0.310238 0.654050 -0.478385 0.497110
1403638574.427830 4.094338 -3.750389 0.072895 0.324211 0.642336 -0.496858 0.485205
1403638574.527829 4.073013 -3.869790 0.072880 0.336022 0.631225 -0.514017 0.473742
1403638574.627830 4.048456 -3.986178 0.079038 0.346803 0.621731 -0.524714 0.466748
1403638574.727829 4.020979 -4.102107 0.092186 0.359112 0.618827 -0.528899 0.456461
1403638574.827830 3.992519 -4.214014 0.111385 0.365830 0.620953 -0.531689 0.444850
1403638574.927830 3.963051 -4.324293 0.128857 0.364550 0.623249 -0.536334 0.437047
1403638575.027829 3.933139 -4.433407 0.140175 0.360596 0.624137 -0.540012 0.434523
1403638575.127830 3.902285 -4.539229 0.145057 0.353211 0.621656 -0.544684 0.438299
1403638575.227829 3.869010 -4.647280 0.146630 0.348781 0.619586 -0.546481 0.442519
1403638575.327830 3.832671 -4.757504 0.142165 0.345126 0.620266 -0.546939 0.443864
1403638575.427830 3.793722 -4.868626 0.134316 0.341678 0.625417 -0.546530 0.439789
1403638575.527829 3.751282 -4.984670 0.123866 0.340183 0.630180 -0.544293 0.436913
1403638575.627830 3.706157 -5.106602 0.118268 0.342318 0.636958 -0.539694 0.431084
1403638575.727829 3.660907 -5.233115 0.118631 0.344732 0.643185 -0.535086 0.425625
1403638575.827830 3.616770 -5.362407 0.127692 0.345505 0.649077 -0.532457 0.419303
1403638575.927830 3.577239 -5.492322 0.148875 0.344590 0.650923 -0.531326 0.418629
1403638576.027829 3.542000 -5.625673 0.179397 0.344781 0.651304 -0.530062 0.419480
1403638576.127830 3.508596 -5.763848 0.216247 0.345552 0.651050 -0.529357 0.420129
1403638576.227829 3.478054 -5.910217 0.254087 0.347932 0.650178 -0.527681 0.421622
1403638576.327830 3.451093 -6.061598 0.285589 0.352676 0.651229 -0.524527 0.419990
1403638576.427830 3.428169 -6.217371 0.310478 0.356041 0.653340 -0.522414 0.416492
1403638576.527829 3.411545 -6.374348 0.330010 0.361490 0.657087 -0.518721 0.410475
1403638576.627830 3.402356 -6.534012 0.344457 0.365134 0.659849 -0.516404 0.405713
1403638576.727829 3.402730 -6.695558 0.354246 0.368396 0.659114 -0.513967 0.407052
1403638576.827830 3.411147 -6.859366 0.359535 0.373257 0.655026 -0.510568 0.413450
1403638576.927830 3.426329 -7.022627 0.359693 0.373338 0.649406 -0.510845 0.421814
1403638577.027829 3.447854 -7.183168 0.356606 0.369248 0.644660 -0.513860 0.428972
1403638577.127830 3.473199 -7.341715 0.358233 0.366010 0.640985 -0.516540 0.434006
1403638577.227829 3.501630 -7.498315 0.367120 0.363754 0.639378 -0.518349 0.436111
1403638577.327830 3.532995 -7.654464 0.383505 0.367642 0.641746 -0.515497 0.432741
1403638577.427830 3.567212 -7.808335 0.407681 0.373802 0.646371 -0.510536 0.426416
1403638577.527829 3.606949 -7.959482 0.433543 0.374225 0.646998 -0.509971 0.425769
1403638577.627830 3.651649 -8.107649 0.453900 0.371426 0.646128 -0.511904 0.427219
1403638577.727829 3.700430 -8.253036 0.467334 0.369086 0.645918 -0.513355 0.427822
1403638577.827830 3.753153 -8.397255 0.473390 0.366736 0.645643 -0.514543 0.428831
1403638577.927830 3.809522 -8.543146 0.475075 0.366632 0.645902 -0.513793 0.429428
1403638578.027829 3.869064 -8.684934 0.478157 0.367544 0.646106 -0.512346 0.430070
1403638578.127830 3.933672 -8.829085 0.489687 0.364939 0.644637 -0.513120 0.433556
1403638578.227829 4.000422 -8.969113 0.505603 0.356908 0.639553 -0.518231 0.441616
1403638578.327830 4.067734 -9.109174 0.524961 0.350906 0.636172 -0.522233 0.446568
1403638578.427830 4.133003 -9.246620 0.540280 0.350808 0.635535 -0.522706 0.446999
1403638578.527829 4.196079 -9.383732 0.548836 0.350857 0.634967 -0.523251 0.447129
1403638578.627830 4.257952 -9.523787 0.554045 0.351989 0.634126 -0.523133 0.447572
1403638578.727829 4.316110 -9.654734 0.555533 0.355988 0.635624 -0.520767 0.445035
1403638578.827830 4.374941 -9.789669 0.553326 0.361235 0.639288 -0.517112 0.439791
1403638578.927830 4.432054 -9.916227 0.548218 0.365425 0.640473 -0.514246 0.437961
1403638579.027829 4.493864 -10.047155 0.547424 0.367238 0.641579 -0.512147 0.437286
1403638579.127830 4.554207 -10.164960 0.554387 0.367656 0.641818 -0.511097 0.437811
1403638579.227829 4.621620 -10.293175 0.570458 0.367454 0.641776 -0.510841 0.438340
1403638579.327830 4.687162 -10.404828 0.589585 0.364338 0.640161 -0.512475 0.441385
1403638579.427830 4.759138 -10.528107 0.609115 0.356706 0.635594 -0.517778 0.447982
1403638579.527829 4.825742 -10.633304 0.622610 0.351840 0.632363 -0.520082 0.453697
1403638579.627830 4.891675 -10.737900 0.631607 0.353792 0.629926 -0.511995 0.464635
1403638579.727829 4.956311 -10.842904 0.634269 0.354972 0.635570 -0.495810 0.473517
1403638579.827830 5.018831 -10.942256 0.630815 0.348420 0.650829 -0.475684 0.478278
1403638579.927830 5.080851 -11.037559 0.620964 0.333937 0.671518 -0.452456 0.482527
1403638580.027829 5.143509 -11.128770 0.608188 0.317484 0.688913 -0.422537 0.496050
1403638580.127830 5.205549 -11.209553 0.594070 0.300602 0.701751 -0.386031 0.517845
1403638580.227829 5.265474 -11.281046 0.574735 0.277040 0.717380 -0.349236 0.535395
1403638580.327830 5.322463 -11.345122 0.549771 0.248036 0.734737 -0.317594 0.545686
1403638580.427830 5.374572 -11.403694 0.518810 0.217815 0.748347 -0.297059 0.551624
1403638580.527829 5.422520 -11.460732 0.484913 0.196605 0.756872 -0.282700 0.555492
1403638580.627830 5.466821 -11.517414 0.450072 0.180471 0.765075 -0.268945 0.556560
1403638580.727829 5.507139 -11.571898 0.418579 0.166853 0.775910 -0.253231 0.553170
1403638580.827830 5.545066 -11.627169 0.396920 0.159782 0.783952 -0.240366 0.549648
1403638580.927830 5.580192 -11.679746 0.384497 0.155760 0.788173 -0.232275 0.548243
1403638581.027829 5.614526 -11.729927 0.382718 0.151543 0.789318 -0.230376 0.548579
1403638581.127830 5.646832 -11.778331 0.388742 0.152586 0.789767 -0.228559 0.548403
1403638581.227829 5.679501 -11.821545 0.404452 0.155485 0.789877 -0.228202 0.547578
1403638581.327830 5.707760 -11.864967 0.415513 0.159332 0.789496 -0.228786 0.546778
1403638581.427830 5.734610 -11.898775 0.434441 0.162902 0.787599 -0.229971 0.547964
1403638581.527829 5.761324 -11.933815 0.453952 0.165497 0.786317 -0.232288 0.548050
1403638581.627830 5.785845 -11.955208 0.487549 0.169730 0.783858 -0.233639 0.549701
1403638581.727829 5.814557 -11.987470 0.505225 0.174286 0.779216 -0.233464 0.554925
1403638581.827830 5.836232 -11.998854 0.529405 0.176284 0.777451 -0.235064 0.556092
1403638581.927830 5.865435 -12.018091 0.543036 0.179673 0.770700 -0.234786 0.564459
1403638582.027829 5.893289 -12.042753 0.545780 0.181855 0.767249 -0.233996 0.568774
1403638582.127830 5.923703 -12.065509 0.555010 0.179860 0.773616 -0.236416 0.559711
1403638582.227829 5.947439 -12.081190 0.572223 0.177012 0.779680 -0.238781 0.551134
1403638582.327830 5.972656 -12.097021 0.600766 0.179093 0.778198 -0.236987 0.553327
1403638582.427830 6.004403 -12.116253 0.638827 0.180677 0.775750 -0.235528 0.556861
1403638582.527829 6.027200 -12.120497 0.687591 0.181747 0.774614 -0.234539 0.558510
1403638582.627830 6.053554 -12.128647 0.742449 0.182281 0.774490 -0.233999 0.558734
1403638582.727829 6.075469 -12.124757 0.810285 0.181481 0.777055 -0.234961 0.555017
1403638582.827830 6.100889 -12.125787 0.877574 0.180879 0.778408 -0.235857 0.552933
1403638582.927830 6.119655 -12.113580 0.947949 0.180623 0.779660 -0.237015 0.550754
1403638583.027829 6.138865 -12.100221 1.009057 0.179715 0.782379 -0.238615 0.546487
1403638583.127830 6.158492 -12.084847 1.062250 0.179197 0.784429 -0.239781 0.543199
1403638583.227829 6.180129 -12.068334 1.108607 0.178272 0.785447 -0.241232 0.541386
1403638583.327830 6.202128 -12.051244 1.139037 0.178680 0.785306 -0.240985 0.541566
1403638583.427830 6.224905 -12.030035 1.176069 0.178367 0.785624 -0.241225 0.541101
1403638583.527829 6.250432 -12.008564 1.214646 0.178059 0.786199 -0.241290 0.540338
1403638583.627830 6.278192 -11.984506 1.262091 0.178882 0.786095 -0.240724 0.540470
1403638583.727829 6.306686 -11.955969 1.313804 0.180166 0.785978 -0.239964 0.540552
1403638583.827830 6.344358 -11.928910 1.341623 0.180800 0.785805 -0.239384 0.540849
1403638583.927830 6.378487 -11.900309 1.383504 0.180533 0.784993 -0.239383 0.542116
1403638584.027829 6.410450 -11.867719 1.416023 0.181603 0.784301 -0.238588 0.543109
1403638584.127830 6.451199 -11.833384 1.427839 0.186039 0.777363 -0.235242 0.552954
1403638584.227829 6.487471 -11.798283 1.455317 0.190310 0.767710 -0.231510 0.566398
1403638584.327830 6.515486 -11.752987 1.450276 0.191717 0.761836 -0.230112 0.574368
1403638584.427830 6.531909 -11.696211 1.436272 0.191544 0.760870 -0.229953 0.575769
1403638584.527829 6.540842 -11.633995 1.418722 0.190904 0.760383 -0.230122 0.576556
1403638584.627830 6.554075 -11.570878 1.423924 0.190552 0.761598 -0.229912 0.575151
1403638584.727829 6.563684 -11.501174 1.438087 0.188382 0.765263 -0.231066 0.570520
1403638584.827830 6.554872 -11.423378 1.426009 0.183701 0.773331 -0.234128 0.559819
1403638584.927830 6.560530 -11.343978 1.450735 0.178613 0.779404 -0.238276 0.551227
1403638585.027829 6.546884 -11.261248 1.437966 0.176815 0.782105 -0.239485 0.547444
1403638585.127830 6.535805 -11.184191 1.425620 0.175389 0.782299 -0.240555 0.547156
1403638585.227829 6.534344 -11.105058 1.425945 0.175283 0.781196 -0.240735 0.548685
1403638585.327830 6.530414 -11.028618 1.418955 0.176315 0.778837 -0.239643 0.552175
1403638585.427830 6.531011 -10.948279 1.411675 0.176064 0.778281 -0.239446 0.553124
1403638585.527829 6.526132 -10.870924 1.402702 0.176175 0.779254 -0.239250 0.551802
1403638585.627830 6.531004 -10.788899 1.406606 0.175367 0.781326 -0.239405 0.549054
1403638585.727829 6.520704 -10.710891 1.413660 0.173778 0.785276 -0.240028 0.543626
1403638585.827830 6.526156 -10.629773 1.433181 0.170944 0.789982 -0.242139 0.536726
1403638585.927830 6.523294 -10.552435 1.460053 0.167678 0.792298 -0.244621 0.533205
1403638586.027829 6.526521 -10.474024 1.495324 0.167804 0.789514 -0.245001 0.537107
1403638586.127830 6.542724 -10.397871 1.525390 0.170199 0.785781 -0.244765 0.541915
1403638586.227829 6.546897 -10.318162 1.549955 0.172022 0.783331 -0.243724 0.545343
1403638586.327830 6.562554 -10.243012 1.567679 0.175419 0.780135 -0.241963 0.549610
1403638586.427830 6.562755 -10.160719 1.582702 0.183143 0.777397 -0.237052 0.553099
1403638586.527829 6.576394 -10.082816 1.591100 0.189817 0.776376 -0.232920 0.554038
1403638586.627830 6.575311 -9.995071 1.591997 0.187235 0.776835 -0.234716 0.553516
1403638586.727829 6.586741 -9.912138 1.587564 0.183744 0.776840 -0.237299 0.553577
1403638586.827830 6.597141 -9.826401 1.577211 0.180657 0.776014 -0.239286 0.554894
1403638586.927830 6.597739 -9.736287 1.560973 0.180555 0.775343 -0.238782 0.556081
1403638587.027829 6.605559 -9.650105 1.539656 0.179716 0.775187 -0.239063 0.556450
1403638587.127830 6.605222 -9.557749 1.520613 0.178903 0.775321 -0.239622 0.556284
1403638587.227829 6.609039 -9.466497 1.509615 0.178641 0.777594 -0.239075 0.553424
1403638587.327830 6.607936 -9.373947 1.507517 0.178234 0.779147 -0.239590 0.551144
1403638587.427830 6.610928 -9.279345 1.508964 0.176797 0.779774 -0.240554 0.550300
1403638587.527829 6.610151 -9.181874 1.510627 0.175511 0.779482 -0.241577 0.550676
1403638587.627830 6.613658 -9.086472 1.507324 0.174550 0.779434 -0.242833 0.550498
1403638587.727829 6.614276 -8.989145 1.497719 0.174849 0.779255 -0.242809 0.550666
1403638587.827830 6.618082 -8.894563 1.484436 0.174136 0.778788 -0.244025 0.551014
1403638587.927830 6.621734 -8.802294 1.464358 0.173787 0.778422 -0.244499 0.551432
1403638588.027829 6.623275 -8.707913 1.442630 0.173629 0.777750 -0.244554 0.552404
1403638588.127830 6.625923 -8.619653 1.415900 0.176857 0.778107 -0.242278 0.551881
1403638588.227829 6.625887 -8.527471 1.388563 0.183193 0.779005 -0.237624 0.550569
1403638588.327830 6.628393 -8.437380 1.362937 0.183853 0.779648 -0.236691 0.549840
1403638588.427830 6.629445 -8.335522 1.348979 0.183730 0.779507 -0.236610 0.550116
1403638588.527829 6.632698 -8.237918 1.340264 0.181520 0.779261 -0.238051 0.550577
1403638588.627830 6.634779 -8.134348 1.340842 0.179260 0.778607 -0.239268 0.551714
1403638588.727829 6.634981 -8.032432 1.347284 0.176545 0.776929 -0.241224 0.554097
1403638588.827830 6.634203 -7.926854 1.356533 0.175758 0.776280 -0.242001 0.554918
1403638588.927830 6.637238 -7.827080 1.358912 0.174455 0.776094 -0.243503 0.554933
1403638589.027829 6.633390 -7.720412 1.353944 0.174379 0.776051 -0.244224 0.554699
1403638589.127830 6.634062 -7.620464 1.343092 0.175834 0.776276 -0.243771 0.554124
1403638589.227829 6.632353 -7.513903 1.326787 0.176024 0.775936 -0.243768 0.554542
1403638589.327830 6.636305 -7.413545 1.307645 0.176237 0.775327 -0.243912 0.555263
1403638589.427830 6.631024 -7.305609 1.290116 0.175651 0.775374 -0.244168 0.555269
1403638589.527829 6.628239 -7.203855 1.279652 0.175416 0.775778 -0.244179 0.554774
1403638589.627830 6.619929 -7.094799 1.275157 0.175847 0.775584 -0.243967 0.555002
1403638589.727829 6.615355 -6.995159 1.283694 0.175121 0.777392 -0.244727 0.552362
1403638589.827830 6.605382 -6.890828 1.291665 0.174739 0.778218 -0.245672 0.550898
1403638589.927830 6.598915 -6.794179 1.299846 0.175873 0.778760 -0.245648 0.549781
1403638590.027829 6.589188 -6.688696 1.296982 0.174936 0.778304 -0.247105 0.550073
1403638590.127830 6.579141 -6.593352 1.294154 0.175483 0.777809 -0.247305 0.550508
1403638590.227829 6.568100 -6.487979 1.282260 0.175916 0.776938 -0.247614 0.551459
1403638590.327830 6.557945 -6.396302 1.270452 0.175785 0.776679 -0.247756 0.551803
1403638590.427830 6.545878 -6.293013 1.251268 0.176212 0.777685 -0.248018 0.550130
1403638590.527829 6.531113 -6.199696 1.233817 0.174933 0.777760 -0.248790 0.550083
1403638590.627830 6.517380 -6.099910 1.218954 0.174036 0.779800 -0.249264 0.547257
1403638590.727829 6.502394 -6.010275 1.215237 0.171706 0.780847 -0.250632 0.545875
1403638590.827830 6.490600 -5.913278 1.217468 0.171865 0.781893 -0.250399 0.544433
1403638590.927830 6.478802 -5.824076 1.227383 0.170868 0.782444 -0.251083 0.543639
1403638591.027829 6.467098 -5.728138 1.242281 0.169738 0.783187 -0.252303 0.542356
1403638591.127830 6.454858 -5.635939 1.256958 0.169036 0.785822 -0.253076 0.538389
1403638591.227829 6.445900 -5.544609 1.263976 0.167429 0.790766 -0.254787 0.530792
1403638591.327830 6.438113 -5.455092 1.263640 0.164054 0.796403 -0.257447 0.522062
1403638591.427830 6.436970 -5.372232 1.259380 0.161579 0.799579 -0.259676 0.516850
1403638591.527829 6.441202 -5.296021 1.249836 0.158650 0.802124 -0.262061 0.512593
1403638591.627830 6.452565 -5.231090 1.235361 0.156565 0.804181 -0.263545 0.509240
1403638591.727829 6.472374 -5.181080 1.219634 0.156286 0.803087 -0.264229 0.510695
1403638591.827830 6.498353 -5.138800 1.203848 0.157653 0.800703 -0.263009 0.514633
1403638591.927830 6.529235 -5.110888 1.193194 0.158730 0.798102 -0.261553 0.519064
1403638592.027829 6.566592 -5.084497 1.191148 0.159201 0.795470 -0.260925 0.523260
1403638592.127830 6.607583 -5.071702 1.197364 0.159080 0.793968 -0.259437 0.526309
1403638592.227829 6.653245 -5.053023 1.213863 0.155096 0.789302 -0.256058 0.536081
1403638592.327830 6.700677 -5.041920 1.240900 0.148037 0.784577 -0.249279 0.548072
1403638592.427830 6.748626 -5.032089 1.275273 0.136994 0.784165 -0.237555 0.556673
1403638592.527829 6.792706 -5.025541 1.316525 0.126509 0.789399 -0.222991 0.557781
1403638592.627830 6.832814 -5.021862 1.363604 0.119744 0.796809 -0.209825 0.553832
1403638592.727829 6.872275 -5.022563 1.413487 0.114034 0.804033 -0.200379 0.548066
1403638592.827830 6.911873 -5.027097 1.458813 0.108826 0.810399 -0.194878 0.541694
1403638592.927830 6.952464 -5.034486 1.499027 0.106939 0.813896 -0.190528 0.538364
1403638593.027829 6.995734 -5.045990 1.534169 0.105956 0.815312 -0.187931 0.537329
1403638593.127830 7.043779 -5.062240 1.564913 0.105534 0.815371 -0.186862 0.537694
1403638593.227829 7.096327 -5.082836 1.601169 0.108513 0.811947 -0.184891 0.542938
1403638593.327830 7.151026 -5.105177 1.645758 0.116693 0.809306 -0.180156 0.546763
1403638593.427830 7.206001 -5.128617 1.692467 0.126847 0.804676 -0.174596 0.553103
1403638593.527829 7.261443 -5.150702 1.732982 0.132207 0.800921 -0.172699 0.557872
1403638593.627830 7.317797 -5.169546 1.766568 0.135299 0.798962 -0.172483 0.560003
1403638593.727829 7.374073 -5.184474 1.794355 0.137224 0.797028 -0.172189 0.562376
1403638593.827830 7.431711 -5.196432 1.816875 0.136218 0.790711 -0.173195 0.571161
1403638593.927830 7.484721 -5.202409 1.845745 0.130557 0.781477 -0.170992 0.585671
1403638594.027829 7.531818 -5.204374 1.876358 0.122691 0.783910 -0.168189 0.584931
1403638594.127830 7.572400 -5.203754 1.912253 0.117157 0.789851 -0.165224 0.578887
1403638594.227829 7.608455 -5.201876 1.949678 0.117002 0.794681 -0.160228 0.573689
1403638594.327830 7.641919 -5.197945 1.981117 0.117298 0.794931 -0.155964 0.574457
1403638594.427830 7.671282 -5.191395 2.018001 0.121708 0.793514 -0.149614 0.577181
1403638594.527829 7.697100 -5.179461 2.053991 0.120267 0.793192 -0.148417 0.578235
1403638594.627830 7.716662 -5.163903 2.102124 0.114491 0.793720 -0.150873 0.578047
1403638594.727829 7.734091 -5.146067 2.146104 0.110760 0.794251 -0.153848 0.577260
1403638594.827830 7.745139 -5.127031 2.188822 0.109247 0.794568 -0.155565 0.576650
1403638594.927830 7.756440 -5.106520 2.220308 0.109176 0.795412 -0.156607 0.575216
1403638595.027829 7.766339 -5.085164 2.246257 0.108524 0.796940 -0.158254 0.572769
1403638595.127830 7.767920 -5.060899 2.270418 0.108428 0.797826 -0.159416 0.571230
1403638595.227829 7.774663 -5.039189 2.282972 0.109263 0.798293 -0.159783 0.570315
1403638595.327830 7.780321 -5.016507 2.291285 0.109727 0.798384 -0.160047 0.570025
1403638595.427830 7.783605 -4.993446 2.294269 0.109395 0.798219 -0.160919 0.570074
1403638595.527829 7.785199 -4.970231 2.292679 0.109446 0.798803 -0.160938 0.569239
1403638595.627830 7.785733 -4.946578 2.292131 0.110059 0.799414 -0.160249 0.568457
1403638595.727829 7.777806 -4.919125 2.304473 0.114291 0.799883 -0.157267 0.567795
1403638595.827830 7.774338 -4.894293 2.310344 0.117075 0.800694 -0.155692 0.566518
1403638595.927830 7.772025 -4.867143 2.308413 0.118346 0.800437 -0.155152 0.566765
1403638596.027829 7.768901 -4.838758 2.293223 0.122370 0.800197 -0.152504 0.566968
1403638596.127830 7.765152 -4.806629 2.271766 0.132662 0.801298 -0.145653 0.564896
1403638596.227829 7.760875 -4.767965 2.254038 0.144555 0.803245 -0.137001 0.561367
1403638596.327830 7.755894 -4.719993 2.247842 0.155468 0.804327 -0.128852 0.558824
1403638596.427830 7.756003 -4.664246 2.246417 0.162167 0.804236 -0.123318 0.558300
1403638596.527829 7.756609 -4.595866 2.257766 0.168736 0.804004 -0.117699 0.557900
1403638596.627830 7.764709 -4.515095 2.273535 0.175967 0.804460 -0.111883 0.556203
1403638596.727829 7.776059 -4.418060 2.296940 0.182232 0.805043 -0.106988 0.554302
1403638596.827830 7.792171 -4.305949 2.331648 0.186301 0.804677 -0.103568 0.554130
1403638596.927830 7.813583 -4.175611 2.367076 0.188631 0.803652 -0.101629 0.555187
1403638597.027829 7.837674 -4.031382 2.403814 0.190286 0.802646 -0.101660 0.556073
1403638597.127830 7.867393 -3.871747 2.434357 0.192954 0.801052 -0.100698 0.557623
1403638597.227829 7.900460 -3.695751 2.458280 0.193386 0.798925 -0.102017 0.560280
1403638597.327830 7.936460 -3.504140 2.474296 0.189711 0.796872 -0.105725 0.563762
1403638597.427830 7.975293 -3.298038 2.484595 0.183560 0.794847 -0.111464 0.567538
1403638597.527829 8.014806 -3.077745 2.492824 0.171563 0.790439 -0.120524 0.575540
1403638597.627830 8.051413 -2.847470 2.495432 0.162326 0.787119 -0.127925 0.581145
1403638597.727829 8.084384 -2.609693 2.493667 0.161899 0.786311 -0.128553 0.582217
1403638597.827830 8.114760 -2.364874 2.487068 0.167097 0.788884 -0.118765 0.579340
1403638597.927830 8.142099 -2.111060 2.475187 0.171160 0.791504 -0.107406 0.576793
1403638598.027829 8.168609 -1.846822 2.463662 0.168836 0.792458 -0.100883 0.577345
1403638598.127830 8.195316 -1.570221 2.459227 0.153321 0.792981 -0.104838 0.580243
1403638598.227829 8.217838 -1.284470 2.460351 0.132482 0.794015 -0.114491 0.582134
1403638598.327830 8.238296 -0.995522 2.463207 0.118087 0.796576 -0.121819 0.580244
1403638598.427830 8.258699 -0.707594 2.460725 0.110957 0.798600 -0.125370 0.578108
1403638598.527829 8.277757 -0.421043 2.452487 0.107117 0.800267 -0.125220 0.576558
1403638598.627830 8.294225 -0.137001 2.435417 0.102357 0.803497 -0.120155 0.574002
1403638598.727829 8.310562 0.144261 2.416781 0.096182 0.805311 -0.109846 0.574593
1403638598.827830 8.325057 0.423226 2.402277 0.087270 0.806433 -0.097121 0.576730
1403638598.927830 8.336914 0.698686 2.392612 0.077927 0.808922 -0.081523 0.576998
1403638599.027829 8.346905 0.971657 2.385993 0.065230 0.810694 -0.065810 0.578091
1403638599.127830 8.356500 1.242617 2.386643 0.054335 0.811849 -0.047584 0.579383
1403638599.227829 8.361965 1.511828 2.391313 0.042802 0.813346 -0.029028 0.579477
1403638599.327830 8.364774 1.779805 2.402527 0.029596 0.815330 -0.010931 0.578136
1403638599.427830 8.364942 2.045491 2.420619 0.020274 0.818141 0.005529 0.574633
1403638599.527829 8.363795 2.310219 2.440840 0.013332 0.820283 0.016674 0.571559
1403638599.627830 8.361773 2.574548 2.454860 0.007466 0.821919 0.021998 0.569130
1403638599.727829 8.358311 2.836995 2.459549 0.005300 0.823097 0.025221 0.567316
1403638599.827830 8.358061 3.098381 2.456271 0.004246 0.823734 0.024379 0.566436
1403638599.927830 8.359716 3.356609 2.448768 0.001387 0.824971 0.020664 0.564795
1403638600.027829 8.365747 3.614029 2.436036 -0.003565 0.824382 0.014083 0.565848
1403638600.127830 8.375839 3.867353 2.420348 -0.011777 0.826505 0.004598 0.562787
1403638600.227829 8.388357 4.113024 2.401225 -0.023674 0.829338 -0.007066 0.558201
1403638600.327830 8.403335 4.349958 2.377903 -0.032506 0.831062 -0.016662 0.554979
1403638600.427830 8.422073 4.575418 2.357296 -0.040358 0.832308 -0.025000 0.552277
1403638600.527829 8.446094 4.785640 2.346215 -0.041580 0.833033 -0.027820 0.550956
1403638600.627830 8.475341 4.981923 2.344414 -0.041162 0.834370 -0.029181 0.548891
1403638600.727829 8.508266 5.164729 2.349243 -0.041685 0.836520 -0.030389 0.545503
1403638600.827830 8.547558 5.334432 2.359306 -0.038105 0.840454 -0.027278 0.539853
1403638600.927830 8.593884 5.489303 2.372374 -0.022493 0.843594 -0.014863 0.536304
1403638601.027829 8.648019 5.634463 2.381031 -0.009010 0.844432 -0.003714 0.535574
1403638601.127830 8.711374 5.774145 2.384463 -0.002405 0.843249 0.001980 0.537514
1403638601.227829 8.782562 5.909870 2.382949 0.006306 0.840269 0.009258 0.542053
1403638601.327830 8.859615 6.046558 2.378836 0.012585 0.832870 0.015762 0.553101
1403638601.427830 8.940818 6.185983 2.375358 0.002110 0.828485 0.018235 0.559710
1403638601.527829 9.024084 6.327732 2.378751 -0.009653 0.824240 0.027793 0.565475
1403638601.627830 9.107055 6.468735 2.388682 -0.020787 0.820839 0.044778 0.569022
1403638601.727829 9.189797 6.609172 2.404604 -0.032954 0.818179 0.067828 0.569997
1403638601.827830 9.270183 6.748656 2.428622 -0.046542 0.813712 0.095548 0.571470
1403638601.927830 9.347191 6.889620 2.458349 -0.060719 0.809031 0.123182 0.571496
1403638602.027829 9.421491 7.031632 2.485350 -0.073786 0.806557 0.143361 0.568743
1403638602.127830 9.492946 7.174504 2.505453 -0.082032 0.803404 0.158725 0.567996
1403638602.227829 9.559570 7.320036 2.519553 -0.087606 0.797000 0.175484 0.571246
1403638602.327830 9.621131 7.468838 2.530395 -0.101017 0.788308 0.191551 0.575911
1403638602.427830 9.675924 7.621079 2.547122 -0.133202 0.772478 0.199198 0.588094
1403638602.527829 9.721379 7.770419 2.573600 -0.168897 0.748844 0.204287 0.607432
1403638602.627830 9.753413 7.908278 2.607163 -0.198182 0.731809 0.212266 0.616541
1403638602.727829 9.769509 8.028746 2.644343 -0.213292 0.725484 0.229126 0.612928
1403638602.827830 9.769486 8.131741 2.687402 -0.221490 0.721596 0.250316 0.606286
1403638602.927830 9.754141 8.218691 2.733686 -0.235559 0.719867 0.268403 0.595200
1403638603.027829 9.728243 8.292478 2.779404 -0.257348 0.718407 0.282011 0.581492
1403638603.127830 9.696915 8.354536 2.821259 -0.274156 0.710554 0.295952 0.576510
1403638603.227829 9.657933 8.400064 2.853202 -0.278607 0.709850 0.311885 0.566762
1403638603.327830 9.613877 8.433943 2.873969 -0.272346 0.721703 0.328636 0.544951
1403638603.427830 9.567404 8.459544 2.887889 -0.266468 0.732572 0.339798 0.526185
1403638603.527829 9.521631 8.482616 2.898939 -0.264373 0.736199 0.344970 0.518762
1403638603.627830 9.476478 8.501370 2.906778 -0.268705 0.730190 0.347154 0.523550
1403638603.727829 9.430294 8.515107 2.908402 -0.265718 0.721825 0.351980 0.533359
1403638603.827830 9.379301 8.522886 2.903032 -0.259421 0.713862 0.357252 0.543574
1403638603.927830 9.322701 8.526534 2.889621 -0.252542 0.706628 0.361686 0.553247
1403638604.027829 9.259645 8.526484 2.869268 -0.247173 0.701526 0.364252 0.560435
1403638604.127830 9.184491 8.526479 2.849498 -0.243436 0.698533 0.365753 0.564814
1403638604.227829 9.102128 8.520812 2.836333 -0.246630 0.699906 0.364302 0.562663
1403638604.327830 9.005974 8.511832 2.831620 -0.253328 0.706423 0.360347 0.554023
1403638604.427830 8.903504 8.497553 2.831916 -0.255577 0.714564 0.359118 0.543244
1403638604.527829 8.795702 8.478133 2.840658 -0.252718 0.721805 0.361238 0.533515
1403638604.627830 8.685515 8.457376 2.848500 -0.251776 0.724909 0.362122 0.529135
1403638604.727829 8.574443 8.436285 2.850275 -0.255916 0.727554 0.359470 0.525314
1403638604.827830 8.462893 8.412706 2.849007 -0.259274 0.729852 0.357172 0.522036
1403638604.927830 8.353190 8.386685 2.849470 -0.257814 0.733933 0.358289 0.516240
1403638605.027829 8.245390 8.359940 2.854873 -0.254989 0.741086 0.360433 0.505826
1403638605.127830 8.138825 8.332888 2.868729 -0.252184 0.746440 0.362442 0.497862
1403638605.227829 8.037354 8.307595 2.888903 -0.249235 0.748218 0.364596 0.495098
1403638605.327830 7.940965 8.289218 2.906482 -0.244528 0.747141 0.367906 0.496620
1403638605.427830 7.848476 8.277601 2.920157 -0.237737 0.739475 0.372931 0.507524
1403638605.527829 7.754276 8.268899 2.926770 -0.231708 0.729212 0.377352 0.521696
1403638605.627830 7.659133 8.264454 2.927508 -0.225547 0.721741 0.381754 0.531491
1403638605.727829 7.559702 8.264925 2.926832 -0.222739 0.718445 0.383852 0.535613
1403638605.827830 7.455690 8.269712 2.936020 -0.221284 0.718993 0.384722 0.534856
1403638605.927830 7.343543 8.282649 2.950083 -0.218373 0.718438 0.386244 0.535701
1403638606.027829 7.226900 8.300178 2.970523 -0.214342 0.717734 0.387952 0.537038
1403638606.127830 7.101706 8.324373 2.982006 -0.211435 0.717816 0.388828 0.537447
1403638606.227829 6.969759 8.352291 2.990830 -0.208312 0.717991 0.390260 0.537394
1403638606.327830 6.830582 8.386420 2.987475 -0.209585 0.721915 0.388395 0.532975
1403638606.427830 6.684100 8.425259 2.980806 -0.216501 0.732202 0.382630 0.520194
1403638606.527829 6.534935 8.469893 2.965593 -0.225097 0.742763 0.375869 0.506317
1403638606.627830 6.386001 8.519454 2.946171 -0.230645 0.748780 0.374601 0.495787
1403638606.727829 6.242784 8.577038 2.921612 -0.234708 0.750154 0.381166 0.486717
1403638606.827830 6.103889 8.640764 2.893853 -0.241331 0.747533 0.392342 0.478562
1403638606.927830 5.970899 8.712255 2.868587 -0.251078 0.741428 0.406685 0.471011
1403638607.027829 5.845517 8.792276 2.849869 -0.264423 0.733125 0.421621 0.463513
1403638607.127830 5.727373 8.877503 2.840853 -0.281297 0.725495 0.431210 0.456713
1403638607.227829 5.616961 8.969771 2.837718 -0.295845 0.712772 0.437395 0.461647
1403638607.327830 5.512897 9.064789 2.829458 -0.308807 0.700951 0.439441 0.469252
1403638607.427830 5.413188 9.161390 2.812073 -0.318071 0.694366 0.440053 0.472271
1403638607.527829 5.319276 9.256694 2.785491 -0.322392 0.693446 0.440651 0.470131
1403638607.627830 5.230074 9.349028 2.753873 -0.323560 0.692193 0.441908 0.469994
1403638607.727829 5.145297 9.439731 2.719747 -0.323209 0.689824 0.442275 0.473362
1403638607.827830 5.064606 9.528405 2.682014 -0.322451 0.690471 0.441931 0.473257
1403638607.927830 4.987978 9.613065 2.641752 -0.324801 0.694710 0.438545 0.468573
1403638608.027829 4.916225 9.698077 2.595741 -0.326963 0.696465 0.434925 0.467837
1403638608.127830 4.850631 9.781208 2.545736 -0.325367 0.693878 0.433913 0.473698
1403638608.227829 4.789065 9.859287 2.491616 -0.321871 0.689888 0.434454 0.481356
1403638608.327830 4.729811 9.934600 2.432502 -0.321851 0.684941 0.432918 0.489745
1403638608.427830 4.670787 10.005182 2.370021 -0.322407 0.681386 0.432102 0.495030
1403638608.527829 4.613433 10.071388 2.300850 -0.320740 0.683269 0.432826 0.492880
1403638608.627830 4.554655 10.135089 2.229733 -0.322857 0.682523 0.430452 0.494607
1403638608.727829 4.497938 10.191543 2.163695 -0.326785 0.679750 0.428225 0.497771
1403638608.827830 4.441225 10.238068 2.100975 -0.325172 0.682434 0.429614 0.493942
1403638608.927830 4.384463 10.283038 2.045268 -0.323486 0.686360 0.431001 0.488371
1403638609.027829 4.329416 10.320828 1.996210 -0.323707 0.690053 0.431196 0.482816
1403638609.127830 4.276960 10.355245 1.954412 -0.322626 0.691542 0.431942 0.480737
1403638609.227829 4.227059 10.384189 1.916639 -0.329509 0.691554 0.427078 0.480397
1403638609.327830 4.180172 10.408727 1.875320 -0.333358 0.691972 0.424072 0.479803
1403638609.427830 4.138053 10.428862 1.825603 -0.330322 0.691882 0.426041 0.480287
1403638609.527829 4.097492 10.445281 1.769843 -0.326587 0.691949 0.428186 0.480838
1403638609.627830 4.060366 10.461582 1.707205 -0.324639 0.691962 0.429129 0.481297
1403638609.727829 4.025819 10.472191 1.641492 -0.321640 0.690779 0.431318 0.483050
1403638609.827830 3.992220 10.489489 1.578148 -0.322001 0.691834 0.431042 0.481543
1403638609.927830 3.962637 10.495705 1.525221 -0.322219 0.691427 0.430808 0.482190
1403638610.027829 3.938887 10.503325 1.479476 -0.324581 0.690269 0.429240 0.483661
1403638610.127830 3.914679 10.503924 1.442030 -0.327705 0.687426 0.426945 0.487620
1403638610.227829 3.892537 10.500703 1.404031 -0.329042 0.684659 0.425944 0.491472
1403638610.327830 3.871234 10.492851 1.359477 -0.330269 0.683775 0.424706 0.492948
1403638610.427830 3.852776 10.482272 1.308664 -0.331597 0.683432 0.423449 0.493615
1403638610.527829 3.832457 10.464525 1.253202 -0.331171 0.680484 0.423350 0.498039
1403638610.627830 3.812504 10.439930 1.195604 -0.336721 0.673335 0.419320 0.507355
1403638610.727829 3.790496 10.407042 1.138823 -0.336949 0.674032 0.419596 0.506049
1403638610.827830 3.767019 10.368597 1.086500 -0.333698 0.681350 0.423033 0.495431
1403638610.927830 3.746784 10.324274 1.044292 -0.332062 0.684296 0.425591 0.490251
1403638611.027829 3.727742 10.277048 1.002544 -0.334799 0.683297 0.423765 0.491364
1403638611.127830 3.708232 10.224456 0.955879 -0.337274 0.680655 0.422696 0.494249
1403638611.227829 3.691462 10.165210 0.908114 -0.337060 0.680101 0.423662 0.494332
1403638611.327830 3.675355 10.097800 0.864245 -0.334364 0.679427 0.426008 0.495072
1403638611.427830 3.658679 10.023706 0.825822 -0.323686 0.674774 0.433108 0.502320
1403638611.527829 3.636260 9.947207 0.789701 -0.312932 0.671889 0.439976 0.507011
1403638611.627830 3.609704 9.866285 0.761876 -0.307709 0.673768 0.442505 0.505511
1403638611.727829 3.579440 9.783761 0.737527 -0.309641 0.677934 0.440710 0.500303
1403638611.827830 3.546695 9.699839 0.709275 -0.316024 0.683789 0.435685 0.492686
1403638611.927830 3.515288 9.617685 0.677203 -0.319693 0.688596 0.432184 0.486672
1403638612.027829 3.484226 9.533491 0.645033 -0.321368 0.691292 0.430534 0.483196
1403638612.127830 3.455434 9.450683 0.615525 -0.322785 0.693184 0.428940 0.480954
1403638612.227829 3.428904 9.366858 0.596677 -0.321981 0.693720 0.429078 0.480596
1403638612.327830 3.406273 9.284418 0.582217 -0.321437 0.693365 0.429362 0.481218
1403638612.427830 3.386349 9.199807 0.570556 -0.320661 0.692328 0.429124 0.483436
1403638612.527829 3.367046 9.114855 0.552463 -0.318667 0.690316 0.429018 0.487708
1403638612.627830 3.349392 9.029851 0.528759 -0.313882 0.688640 0.430880 0.491523
1403638612.727829 3.324584 8.938840 0.493990 -0.309639 0.686852 0.431853 0.495844
1403638612.827830 3.303390 8.854537 0.459245 -0.308639 0.685938 0.430226 0.499136
1403638612.927830 3.274757 8.763154 0.423739 -0.309606 0.685512 0.427689 0.501298
1403638613.027829 3.247927 8.678278 0.398139 -0.309433 0.688008 0.426698 0.498823
1403638613.127830 3.217496 8.590989 0.380698 -0.309642 0.689529 0.425815 0.497345
1403638613.227829 3.183237 8.500611 0.365637 -0.309608 0.691272 0.425437 0.495267
1403638613.327830 3.151611 8.413678 0.362218 -0.308606 0.691855 0.425967 0.494622
1403638613.427830 3.115276 8.321388 0.359528 -0.307917 0.691138 0.426410 0.495671
1403638613.527829 3.080551 8.234329 0.353908 -0.309013 0.691065 0.422939 0.498059
1403638613.627830 3.045203 8.147168 0.342290 -0.310868 0.692688 0.416745 0.499868
1403638613.727829 3.006343 8.051793 0.323126 -0.314870 0.691693 0.410087 0.504229
1403638613.827830 2.969068 7.961685 0.296540 -0.314662 0.692244 0.402717 0.509515
1403638613.927830 2.929929 7.861569 0.263577 -0.309383 0.696446 0.393929 0.513872
1403638614.027829 2.892706 7.761892 0.227019 -0.298830 0.703625 0.383227 0.518410
1403638614.127830 2.853939 7.656813 0.187126 -0.285896 0.713167 0.370261 0.522075
1403638614.227829 2.813328 7.547314 0.150333 -0.272379 0.723190 0.356991 0.524750
1403638614.327830 2.770141 7.433539 0.117952 -0.262565 0.731133 0.345743 0.526276
1403638614.427830 2.725287 7.318241 0.093243 -0.257370 0.736983 0.336070 0.526948
