1403638522.827830 0.014834 0.004505 0.127004 -0.055590 0.818643 0.023252 0.571133
1403638522.927830 0.019784 0.004155 0.172384 -0.068449 0.813187 0.018257 0.577675
1403638523.027829 0.021359 0.000171 0.209036 -0.072605 0.809166 0.015226 0.582878
1403638523.127830 0.025156 -0.003107 0.271359 -0.072045 0.807891 0.015510 0.584706
1403638523.227829 0.022337 -0.009548 0.271775 -0.067808 0.806360 0.015331 0.587324
1403638523.327830 0.021593 -0.015751 0.257523 -0.058343 0.804013 0.014670 0.591561
1403638523.427830 0.019870 -0.021654 0.214844 -0.055027 0.804886 0.015336 0.590674
1403638523.527829 0.015775 -0.028560 0.167894 -0.048915 0.811544 0.019024 0.581930
1403638523.627830 0.008560 -0.036165 0.114490 -0.041289 0.821828 0.022848 0.567778
1403638523.727829 0.000726 -0.042565 0.068224 -0.036219 0.828536 0.025722 0.558171
1403638523.827830 -0.008272 -0.046918 0.032473 -0.033823 0.830703 0.028356 0.554963
1403638523.927830 -0.017401 -0.051462 0.007591 -0.026602 0.830346 0.032537 0.555662
1403638524.027829 -0.021328 -0.055437 -0.003746 -0.018018 0.832068 0.040110 0.552928
1403638524.127830 -0.019131 -0.057591 0.004704 -0.014331 0.836635 0.047678 0.545494
1403638524.227829 -0.017365 -0.057130 0.034878 -0.018922 0.839992 0.050191 0.539940
1403638524.327830 -0.012020 -0.056174 0.087168 -0.026818 0.839005 0.049541 0.541200
1403638524.427830 -0.003886 -0.054702 0.149814 -0.035328 0.834503 0.047078 0.547851
1403638524.527829 0.006036 -0.052328 0.217932 -0.040297 0.826474 0.046034 0.559640
1403638524.627830 0.016206 -0.049012 0.284709 -0.040495 0.818745 0.042238 0.571167
1403638524.727829 0.024445 -0.044815 0.334559 -0.031133 0.813911 0.036891 0.578981
1403638524.827830 0.030547 -0.040305 0.368159 -0.018507 0.811354 0.031799 0.583395
1403638524.927830 0.034757 -0.035550 0.386894 -0.022483 0.810265 0.031749 0.584770
1403638525.027829 0.035357 -0.033180 0.386183 -0.026834 0.808057 0.035226 0.587438
1403638525.127830 0.036136 -0.031566 0.362030 -0.022494 0.805700 0.039169 0.590599
1403638525.227829 0.036481 -0.030996 0.320488 -0.021147 0.805958 0.044159 0.589944
1403638525.327830 0.034737 -0.030866 0.268721 -0.022155 0.811805 0.049033 0.581444
1403638525.427830 0.030803 -0.029896 0.214123 -0.027402 0.823034 0.052424 0.564904
1403638525.527829 0.025891 -0.029302 0.163503 -0.036561 0.834437 0.053059 0.547323
1403638525.627830 0.022122 -0.030648 0.120187 -0.040080 0.840318 0.051201 0.538180
1403638525.727829 0.020415 -0.033027 0.085875 -0.038611 0.840906 0.046968 0.537754
1403638525.827830 0.019995 -0.034505 0.060057 -0.034351 0.837951 0.041162 0.543106
1403638525.927830 0.018665 -0.038940 0.043008 -0.025419 0.834949 0.038471 0.548391
1403638526.027829 0.017472 -0.054465 0.036790 -0.019367 0.835266 0.038247 0.548172
1403638526.127830 0.014134 -0.080568 0.042958 -0.016721 0.837872 0.031955 0.544673
1403638526.227829 0.009813 -0.113491 0.056167 -0.014395 0.838895 0.022485 0.543638
1403638526.327830 0.003507 -0.151356 0.071529 -0.011205 0.836042 0.013912 0.548375
1403638526.427830 -0.004904 -0.194301 0.085534 -0.008796 0.831189 0.004356 0.555903
1403638526.527829 -0.015768 -0.241340 0.096527 -0.007887 0.826046 -0.007285 0.563501
1403638526.627830 -0.027695 -0.295378 0.104333 -0.005430 0.820475 -0.016854 0.571408
1403638526.727829 -0.041935 -0.355769 0.110482 0.000088 0.816392 -0.024030 0.576998
1403638526.827830 -0.058302 -0.419934 0.114761 0.010631 0.814187 -0.027678 0.579846
1403638526.927830 -0.076051 -0.481778 0.117927 0.015248 0.815377 -0.031732 0.577859
1403638527.027829 -0.092716 -0.540174 0.121033 0.021221 0.819651 -0.041542 0.570961
1403638527.127830 -0.106977 -0.593653 0.125631 0.029366 0.823174 -0.056513 0.564206
1403638527.227829 -0.117722 -0.638477 0.131960 0.038150 0.822473 -0.071184 0.563042
1403638527.327830 -0.123556 -0.669188 0.139027 0.052864 0.817872 -0.082752 0.566959
1403638527.427830 -0.123575 -0.681567 0.144675 0.066899 0.813046 -0.089023 0.571451
1403638527.527829 -0.118692 -0.673640 0.147525 0.073375 0.810954 -0.091666 0.573207
1403638527.627830 -0.108456 -0.645335 0.147819 0.073762 0.811146 -0.091025 0.572988
1403638527.727829 -0.095614 -0.601514 0.146816 0.070700 0.811865 -0.084646 0.573333
1403638527.827830 -0.082207 -0.548622 0.147662 0.061293 0.814396 -0.079027 0.571627
1403638527.927830 -0.067271 -0.490416 0.151213 0.047474 0.816877 -0.074761 0.569973
1403638528.027829 -0.051268 -0.431139 0.155360 0.041709 0.816277 -0.068867 0.572022
1403638528.127830 -0.033794 -0.372048 0.155869 0.033274 0.815568 -0.061125 0.574462
1403638528.227829 -0.011657 -0.318203 0.152546 0.022823 0.816938 -0.051831 0.573938
1403638528.327830 0.023012 -0.274666 0.146337 0.012156 0.817928 -0.041783 0.573673
1403638528.427830 0.066650 -0.246908 0.136253 0.008450 0.816590 -0.035140 0.576085
1403638528.527829 0.100128 -0.224624 0.132401 0.010828 0.817261 -0.035444 0.575074
1403638528.627830 0.131055 -0.209596 0.130633 -0.011492 0.817920 -0.027642 0.574552
1403638528.727829 0.163692 -0.199507 0.131901 -0.009155 0.818012 -0.033607 0.574146
1403638528.827830 0.185494 -0.194130 0.136884 -0.006933 0.816948 -0.039933 0.575286
1403638528.927830 0.190955 -0.190114 0.146490 -0.012783 0.816101 -0.047997 0.575770
1403638529.027829 0.179089 -0.186717 0.162489 -0.017949 0.816699 -0.052447 0.574396
1403638529.127830 0.153786 -0.176082 0.176642 -0.006766 0.817413 -0.049361 0.573894
1403638529.227829 0.120593 -0.160315 0.181626 0.009176 0.818610 -0.042341 0.572714
1403638529.327830 0.083825 -0.141843 0.176775 0.017386 0.821821 -0.037401 0.568250
1403638529.427830 0.049294 -0.121953 0.160850 0.019597 0.829449 -0.033724 0.557219
1403638529.527829 0.021581 -0.106175 0.138618 0.016411 0.840618 -0.031831 0.540444
1403638529.627830 0.001541 -0.092558 0.113284 0.017663 0.848024 -0.028430 0.528899
1403638529.727829 -0.010259 -0.077473 0.088367 0.017792 0.848074 -0.026627 0.528909
1403638529.827830 -0.016254 -0.067478 0.066751 0.016508 0.842031 -0.027659 0.538466
1403638529.927830 -0.017936 -0.059033 0.047806 0.016453 0.837064 -0.028326 0.546123
1403638530.027829 -0.015638 -0.053731 0.032676 0.017117 0.836643 -0.028812 0.546723
1403638530.127830 -0.007465 -0.050675 0.020679 0.017576 0.838768 -0.031212 0.543309
1403638530.227829 0.006870 -0.050922 0.010675 0.019963 0.839318 -0.037131 0.542004
1403638530.327830 0.021202 -0.052854 0.000408 0.021277 0.838657 -0.043324 0.542517
1403638530.427830 0.034180 -0.056245 -0.008614 0.024739 0.838116 -0.047468 0.542860
1403638530.527829 0.044482 -0.059971 -0.015201 0.022468 0.837949 -0.051425 0.542856
1403638530.627830 0.050480 -0.063984 -0.020270 0.024274 0.839193 -0.053948 0.540607
1403638530.727829 0.053988 -0.066521 -0.025368 0.024671 0.843048 -0.056097 0.534335
1403638530.827830 0.056509 -0.068415 -0.030446 0.024697 0.845106 -0.056662 0.531014
1403638530.927830 0.058288 -0.069157 -0.034051 0.022311 0.844189 -0.055998 0.532646
1403638531.027829 0.058967 -0.068975 -0.036641 0.020817 0.841463 -0.055761 0.537026
1403638531.127830 0.058311 -0.067786 -0.036784 0.023109 0.837790 -0.054424 0.542781
1403638531.227829 0.058869 -0.066504 -0.037429 0.025231 0.837447 -0.051657 0.543486
1403638531.327830 0.058909 -0.065201 -0.038303 0.025916 0.833793 -0.051910 0.549020
1403638531.427830 0.058862 -0.065355 -0.038325 0.026749 0.834579 -0.051380 0.547834
1403638531.527829 0.058490 -0.065415 -0.038241 0.026251 0.833758 -0.051877 0.549060
1403638531.627830 0.058427 -0.065492 -0.038308 0.026801 0.833874 -0.050853 0.548953
1403638531.727829 0.058418 -0.065451 -0.038360 0.026787 0.833979 -0.051345 0.548749
1403638531.827830 0.058477 -0.065441 -0.038400 0.026781 0.833952 -0.051484 0.548777
1403638531.927830 0.058485 -0.065397 -0.038428 0.026692 0.833903 -0.051677 0.548838
1403638532.027829 0.058509 -0.065357 -0.038479 0.026615 0.833870 -0.051820 0.548878
1403638532.127830 0.058557 -0.065369 -0.038492 0.026625 0.833853 -0.051909 0.548895
1403638532.227829 0.058509 -0.065389 -0.038503 0.026849 0.833886 -0.051801 0.548844
1403638532.327830 0.058534 -0.065430 -0.038510 0.026984 0.833858 -0.051785 0.548881
1403638532.427830 0.058514 -0.065464 -0.038517 0.027056 0.833864 -0.051744 0.548873
1403638532.527829 0.058514 -0.065476 -0.038528 0.027089 0.833862 -0.051798 0.548869
1403638532.627830 0.058530 -0.065485 -0.038556 0.027098 0.833870 -0.051852 0.548851
1403638532.727829 0.058520 -0.065473 -0.038577 0.027098 0.833849 -0.051899 0.548879
1403638532.827830 0.058534 -0.065471 -0.038570 0.027097 0.833844 -0.051951 0.548882
1403638532.927830 0.058509 -0.065472 -0.038580 0.027191 0.833845 -0.051928 0.548877
1403638533.027829 0.058514 -0.065497 -0.038581 0.027252 0.833832 -0.051971 0.548891
1403638533.127830 0.058501 -0.065508 -0.038587 0.027283 0.833841 -0.052004 0.548872
1403638533.227829 0.058495 -0.065519 -0.038613 0.027323 0.833834 -0.052041 0.548877
1403638533.327830 0.058499 -0.065523 -0.038613 0.027391 0.833826 -0.052068 0.548884
1403638533.427830 0.058477 -0.065530 -0.038636 0.027357 0.833831 -0.052109 0.548874
1403638533.527829 0.058486 -0.065538 -0.038637 0.027413 0.833827 -0.052135 0.548875
1403638533.627830 0.058482 -0.065565 -0.038639 0.027495 0.833831 -0.052134 0.548865
1403638533.727829 0.058453 -0.065564 -0.038647 0.027567 0.833861 -0.052174 0.548811
1403638533.827830 0.058461 -0.065585 -0.038659 0.027546 0.833827 -0.052247 0.548856
1403638533.927830 0.058507 -0.065584 -0.038716 0.027540 0.833881 -0.052147 0.548784
1403638534.027829 0.058468 -0.065594 -0.038712 0.027652 0.833851 -0.052323 0.548808
1403638534.127830 0.058437 -0.065612 -0.038688 0.027774 0.833917 -0.052500 0.548685
1403638534.227829 0.058414 -0.065590 -0.038681 0.027644 0.833918 -0.052551 0.548684
1403638534.327830 0.058439 -0.065565 -0.038656 0.027460 0.833980 -0.052494 0.548604
1403638534.427830 0.058431 -0.065551 -0.038662 0.027430 0.834055 -0.052534 0.548488
1403638534.527829 0.058415 -0.065614 -0.038653 0.027732 0.834080 -0.052840 0.548406
1403638534.627830 0.058438 -0.065604 -0.038615 0.027605 0.834147 -0.052476 0.548346
1403638534.727829 0.058452 -0.065606 -0.038624 0.027480 0.834166 -0.052260 0.548344
1403638534.827830 0.058438 -0.065617 -0.038626 0.027592 0.834152 -0.052354 0.548351
1403638534.927830 0.058408 -0.065665 -0.038641 0.027884 0.834169 -0.052571 0.548290
1403638535.027829 0.058411 -0.065693 -0.038631 0.027845 0.834202 -0.052547 0.548243
1403638535.127830 0.058400 -0.065700 -0.038621 0.027863 0.834245 -0.052511 0.548180
1403638535.227829 0.058389 -0.065713 -0.038635 0.027821 0.834237 -0.052531 0.548193
1403638535.327830 0.058383 -0.065718 -0.038637 0.027834 0.834269 -0.052568 0.548139
1403638535.427830 0.058377 -0.065700 -0.038624 0.027897 0.834282 -0.052529 0.548120
1403638535.527829 0.058383 -0.065699 -0.038628 0.027890 0.834286 -0.052591 0.548108
1403638535.627830 0.058380 -0.065696 -0.038638 0.027901 0.834317 -0.052557 0.548064
1403638535.727829 0.058374 -0.065706 -0.038636 0.027926 0.834325 -0.052612 0.548045
1403638535.827830 0.058373 -0.065715 -0.038642 0.027873 0.834334 -0.052588 0.548037
1403638535.927830 0.058358 -0.065704 -0.038652 0.027853 0.834358 -0.052620 0.547998
1403638536.027829 0.058355 -0.065723 -0.038651 0.027807 0.834380 -0.052630 0.547966
1403638536.127830 0.058351 -0.065724 -0.038654 0.027827 0.834403 -0.052675 0.547926
1403638536.227829 0.058360 -0.065739 -0.038644 0.027824 0.834414 -0.052700 0.547907
1403638536.327830 0.058352 -0.065742 -0.038671 0.027814 0.834372 -0.052685 0.547973
1403638536.427830 0.058345 -0.065739 -0.038679 0.027870 0.834383 -0.052741 0.547947
1403638536.527829 0.058340 -0.065751 -0.038671 0.027849 0.834419 -0.052706 0.547897
1403638536.627830 0.058323 -0.065737 -0.038681 0.027866 0.834394 -0.052797 0.547926
1403638536.727829 0.058326 -0.065748 -0.038688 0.027936 0.834402 -0.052734 0.547916
1403638536.827830 0.058320 -0.065771 -0.038701 0.027930 0.834403 -0.052781 0.547910
1403638536.927830 0.058313 -0.065790 -0.038706 0.027936 0.834401 -0.052790 0.547912
1403638537.027829 0.058320 -0.065788 -0.038695 0.027953 0.834442 -0.052781 0.547850
1403638537.127830 0.058327 -0.065767 -0.038699 0.028064 0.834431 -0.052729 0.547865
1403638537.227829 0.058322 -0.065756 -0.038688 0.028083 0.834460 -0.052813 0.547813
1403638537.327830 0.058326 -0.065760 -0.038694 0.028076 0.834445 -0.052826 0.547834
1403638537.427830 0.058327 -0.065756 -0.038702 0.028053 0.834446 -0.052804 0.547837
1403638537.527829 0.058330 -0.065744 -0.038687 0.028109 0.834470 -0.052771 0.547799
1403638537.627830 0.058329 -0.065735 -0.038655 0.028213 0.834489 -0.052669 0.547776
1403638537.727829 0.058331 -0.065777 -0.038644 0.028268 0.834549 -0.052717 0.547677
1403638537.827830 0.058320 -0.065756 -0.038631 0.028274 0.834540 -0.052741 0.547688
1403638537.927830 0.058345 -0.065769 -0.038652 0.028292 0.834506 -0.052750 0.547738
1403638538.027829 0.058326 -0.065787 -0.038592 0.028345 0.834591 -0.052800 0.547601
1403638538.127830 0.058312 -0.065776 -0.038588 0.028457 0.834515 -0.052758 0.547715
1403638538.227829 0.058347 -0.065773 -0.038615 0.028468 0.834523 -0.052794 0.547699
1403638538.327830 0.058323 -0.065782 -0.038622 0.028475 0.834524 -0.052715 0.547705
1403638538.427830 0.058384 -0.065742 -0.038549 0.028531 0.834423 -0.052757 0.547851
1403638538.527829 0.058346 -0.065770 -0.038465 0.028511 0.834435 -0.052808 0.547829
1403638538.627830 0.058293 -0.065800 -0.038379 0.028678 0.834264 -0.052898 0.548072
1403638538.727829 0.058265 -0.065850 -0.038265 0.028755 0.833945 -0.052797 0.548563
1403638538.827830 0.059037 -0.065663 -0.038123 0.028236 0.833402 -0.052278 0.549464
1403638538.927830 0.061273 -0.065366 -0.036449 0.028270 0.830535 -0.051596 0.553850
1403638539.027829 0.064450 -0.065149 -0.033173 0.029298 0.825889 -0.052239 0.560643
1403638539.127830 0.070315 -0.065212 -0.027261 0.029034 0.819253 -0.053724 0.570172
1403638539.227829 0.078147 -0.064814 -0.015471 0.028826 0.814455 -0.053155 0.577067
1403638539.327830 0.086310 -0.064593 0.004010 0.028314 0.813536 -0.052894 0.578412
1403638539.427830 0.094568 -0.064866 0.030678 0.028245 0.815154 -0.051817 0.576230
1403638539.527829 0.103773 -0.065651 0.061877 0.027925 0.817156 -0.050660 0.573506
1403638539.627830 0.112552 -0.066390 0.093818 0.027084 0.817838 -0.049729 0.572656
1403638539.727829 0.121731 -0.067193 0.116256 0.026494 0.818485 -0.048744 0.571842
1403638539.827830 0.132065 -0.067468 0.127959 0.026354 0.820108 -0.047404 0.569632
1403638539.927830 0.144641 -0.067291 0.136249 0.025115 0.823984 -0.046714 0.564126
1403638540.027829 0.161742 -0.067737 0.143212 0.023910 0.829433 -0.047172 0.556097
1403638540.127830 0.182665 -0.068470 0.150275 0.023645 0.835317 -0.046927 0.547251
1403638540.227829 0.212284 -0.069713 0.157632 0.024133 0.835235 -0.045688 0.547461
1403638540.327830 0.249129 -0.070797 0.167493 0.024817 0.829033 -0.044732 0.556855
1403638540.427830 0.289481 -0.071410 0.176162 0.024107 0.824423 -0.040861 0.563982
1403638540.527829 0.332126 -0.069743 0.183494 0.018784 0.823887 -0.032319 0.565520
1403638540.627830 0.382657 -0.069642 0.185668 0.010095 0.824019 -0.018397 0.566173
1403638540.727829 0.431641 -0.065970 0.192064 0.003154 0.823017 0.003011 0.568000
1403638540.827830 0.481544 -0.057912 0.198264 -0.005551 0.822140 0.029321 0.568502
1403638540.927830 0.532984 -0.047086 0.202107 -0.017099 0.820888 0.057421 0.567938
1403638541.027829 0.584650 -0.032473 0.203447 -0.031970 0.818919 0.080027 0.567401
1403638541.127830 0.636251 -0.013848 0.202165 -0.044143 0.816404 0.096335 0.567675
1403638541.227829 0.688210 0.008001 0.196617 -0.051677 0.815369 0.107352 0.566550
1403638541.327830 0.740442 0.033683 0.194025 -0.055648 0.814676 0.113305 0.566011
1403638541.427830 0.791879 0.064590 0.197410 -0.058129 0.814725 0.114556 0.565439
1403638541.527829 0.842349 0.100544 0.206147 -0.056971 0.813549 0.115322 0.567091
1403638541.627830 0.894620 0.143327 0.222536 -0.058042 0.811985 0.117599 0.568755
1403638541.727829 0.946582 0.192556 0.245792 -0.065239 0.810109 0.121887 0.569746
1403638541.827830 0.996731 0.246563 0.276450 -0.077482 0.808985 0.128318 0.568397
1403638541.927830 1.044619 0.303652 0.309237 -0.089223 0.807736 0.139904 0.565711
1403638542.027829 1.091163 0.362777 0.336794 -0.102295 0.805795 0.155569 0.562164
1403638542.127830 1.136811 0.422761 0.358546 -0.115734 0.802654 0.174742 0.558406
1403638542.227829 1.181736 0.484161 0.374343 -0.131736 0.798504 0.195702 0.553840
1403638542.327830 1.226345 0.546832 0.385261 -0.146177 0.793079 0.219257 0.549167
1403638542.427830 1.271492 0.610249 0.393737 -0.156416 0.781593 0.239753 0.554225
1403638542.527829 1.315198 0.673878 0.399503 -0.157399 0.767865 0.258942 0.564409
1403638542.627830 1.354695 0.739944 0.405020 -0.155018 0.759373 0.273638 0.569600
1403638542.727829 1.387765 0.809966 0.414660 -0.159208 0.759805 0.278094 0.565697
1403638542.827830 1.428613 0.877763 0.422707 -0.164668 0.767586 0.272991 0.556032
1403638542.927830 1.445368 0.953279 0.443555 -0.170762 0.773016 0.269722 0.548213
1403638543.027829 1.465188 1.030486 0.472862 -0.172949 0.777508 0.266437 0.542753
1403638543.127830 1.477734 1.108467 0.498175 -0.174974 0.779748 0.263287 0.540423
1403638543.227829 1.491222 1.186823 0.520046 -0.174425 0.780569 0.261755 0.540159
1403638543.327830 1.503830 1.266284 0.534002 -0.174645 0.781176 0.259496 0.540301
1403638543.427830 1.516688 1.346821 0.544023 -0.175846 0.781113 0.260973 0.539290
1403638543.527829 1.531218 1.427623 0.554675 -0.179832 0.779332 0.268172 0.537015
1403638543.627830 1.543152 1.510808 0.557288 -0.185014 0.774731 0.283703 0.533924
1403638543.727829 1.556183 1.595682 0.563048 -0.194328 0.767744 0.303031 0.530074
1403638543.827830 1.568701 1.683491 0.574103 -0.204089 0.757920 0.325936 0.526944
1403638543.927830 1.579431 1.774837 0.591176 -0.218290 0.748387 0.346355 0.521828
1403638544.027829 1.589545 1.868198 0.613776 -0.232820 0.741821 0.360548 0.515269
1403638544.127830 1.610295 1.939740 0.631994 -0.242644 0.739560 0.368996 0.507953
1403638544.227829 1.623245 2.032904 0.650866 -0.252002 0.736743 0.373200 0.504408
1403638544.327830 1.638236 2.125697 0.663073 -0.256307 0.735011 0.376292 0.502465
1403638544.427830 1.654589 2.218202 0.670034 -0.257359 0.735604 0.377470 0.500168
1403638544.527829 1.673083 2.311289 0.675002 -0.256449 0.734836 0.377527 0.501719
1403638544.627830 1.691296 2.405585 0.681486 -0.260780 0.729549 0.376863 0.507667
1403638544.727829 1.709901 2.500369 0.694148 -0.264317 0.725083 0.376953 0.512150
1403638544.827830 1.727106 2.591224 0.717499 -0.263197 0.726868 0.378932 0.508725
1403638544.927830 1.744640 2.682552 0.727680 -0.262022 0.729756 0.380372 0.504100
1403638545.027829 1.757115 2.766573 0.739228 -0.263770 0.729019 0.380814 0.503922
1403638545.127830 1.774162 2.856705 0.739516 -0.264642 0.727965 0.381009 0.504840
1403638545.227829 1.791797 2.945415 0.732677 -0.263337 0.728278 0.382673 0.503811
1403638545.327830 1.802615 3.028872 0.726258 -0.264399 0.725987 0.383397 0.506007
1403638545.427830 1.819036 3.115959 0.709479 -0.266355 0.724959 0.382583 0.507069
1403638545.527829 1.834794 3.202673 0.694695 -0.269430 0.723613 0.386115 0.504685
1403638545.627830 1.849145 3.290263 0.688120 -0.276475 0.720044 0.394972 0.499095
1403638545.727829 1.864091 3.377651 0.684143 -0.284697 0.713718 0.409072 0.492153
1403638545.827830 1.878296 3.464795 0.688141 -0.294784 0.703140 0.427438 0.485792
1403638545.927830 1.891971 3.551695 0.699443 -0.304999 0.691413 0.448561 0.477196
1403638546.027829 1.910961 3.637276 0.718873 -0.313746 0.679067 0.469340 0.469204
1403638546.127830 1.925125 3.723754 0.735434 -0.319989 0.668307 0.485412 0.464056
1403638546.227829 1.946037 3.820104 0.742385 -0.326920 0.662175 0.494679 0.458193
1403638546.327830 1.959750 3.910652 0.744894 -0.332900 0.658954 0.499450 0.453329
1403638546.427830 1.972661 4.002900 0.741912 -0.337638 0.658589 0.500558 0.449113
1403638546.527829 1.985546 4.096613 0.735031 -0.338795 0.657534 0.502397 0.447732
1403638546.627830 1.997815 4.192563 0.732155 -0.340830 0.653796 0.507395 0.446023
1403638546.727829 2.009430 4.290538 0.736766 -0.344494 0.648904 0.513176 0.443732
1403638546.827830 2.020744 4.392311 0.752632 -0.345258 0.644571 0.518929 0.442763
1403638546.927830 2.031050 4.496915 0.771419 -0.345335 0.641579 0.523042 0.442207
1403638547.027829 2.039311 4.608828 0.783276 -0.344238 0.638254 0.527093 0.443062
1403638547.127830 2.043511 4.713537 0.788908 -0.340874 0.635482 0.531086 0.444876
1403638547.227829 2.046538 4.822299 0.790817 -0.338851 0.634211 0.533102 0.445824
1403638547.327830 2.043648 4.932834 0.786692 -0.337475 0.633416 0.533783 0.447181
1403638547.427830 2.037694 5.045152 0.781311 -0.342554 0.636814 0.529875 0.443123
1403638547.527829 2.029245 5.159251 0.772878 -0.347213 0.640179 0.525791 0.439497
1403638547.627830 2.019686 5.275180 0.759047 -0.349194 0.642638 0.523094 0.437553
1403638547.727829 2.009878 5.392837 0.740605 -0.347771 0.642997 0.522716 0.438610
1403638547.827830 1.997956 5.512186 0.717656 -0.343438 0.640966 0.524972 0.442286
1403638547.927830 1.975308 5.626530 0.687534 -0.343311 0.640502 0.524945 0.443088
1403638548.027829 1.958517 5.749403 0.668281 -0.344622 0.639963 0.526031 0.441559
1403638548.127830 1.936960 5.875475 0.656053 -0.347987 0.637294 0.529907 0.438132
1403638548.227829 1.914647 6.004389 0.652456 -0.353930 0.632040 0.536586 0.432822
1403638548.327830 1.889835 6.133454 0.656341 -0.361493 0.624141 0.546370 0.425735
1403638548.427830 1.862737 6.264487 0.668719 -0.368560 0.614556 0.558665 0.417586
1403638548.527829 1.833864 6.396469 0.683256 -0.376339 0.606086 0.567256 0.411399
1403638548.627830 1.805768 6.530014 0.693513 -0.381523 0.598874 0.574201 0.407532
1403638548.727829 1.778498 6.664674 0.699234 -0.385204 0.594374 0.578738 0.404227
1403638548.827830 1.755656 6.726889 0.724441 -0.389072 0.590457 0.582590 0.400715
1403638548.927830 1.728936 6.857876 0.740851 -0.390940 0.588805 0.583876 0.399454
1403638549.027829 1.701338 6.988427 0.762827 -0.390037 0.588119 0.585695 0.398682
1403638549.127830 1.673582 7.117565 0.790514 -0.392282 0.588569 0.584210 0.397994
1403638549.227829 1.645229 7.247804 0.823981 -0.392688 0.588619 0.583741 0.398209
1403638549.327830 1.617443 7.381329 0.863145 -0.394278 0.589822 0.581882 0.397578
1403638549.427830 1.589104 7.514779 0.902863 -0.396711 0.591080 0.579377 0.396947
1403638549.527829 1.561149 7.649080 0.937346 -0.397550 0.592317 0.577904 0.396410
1403638549.627830 1.533991 7.783445 0.966861 -0.399499 0.591537 0.575995 0.398390
1403638549.727829 1.509099 7.917010 0.993392 -0.398395 0.590950 0.575905 0.400492
1403638549.827830 1.485202 8.051219 1.022717 -0.398536 0.592602 0.575440 0.398573
1403638549.927830 1.462395 8.188123 1.060589 -0.396568 0.593429 0.576261 0.398119
1403638550.027829 1.450428 8.325563 1.120163 -0.397017 0.594625 0.575828 0.396512
1403638550.127830 1.430988 8.469829 1.174936 -0.398059 0.595554 0.575331 0.394789
1403638550.227829 1.414354 8.608714 1.237125 -0.397964 0.595293 0.576100 0.394157
1403638550.327830 1.398040 8.752591 1.306643 -0.397246 0.594445 0.576917 0.394964
1403638550.427830 1.383126 8.897594 1.372146 -0.399357 0.594017 0.576016 0.394795
1403638550.527829 1.369290 9.042166 1.429800 -0.401896 0.595266 0.574479 0.392571
1403638550.627830 1.358142 9.188299 1.481005 -0.406469 0.594590 0.571373 0.393418
1403638550.727829 1.350135 9.332265 1.528358 -0.410729 0.593365 0.568450 0.395074
1403638550.827830 1.346036 9.475522 1.569709 -0.414194 0.591136 0.565698 0.398732
1403638550.927830 1.345765 9.616753 1.605982 -0.420526 0.586614 0.560877 0.405534
1403638551.027829 1.346760 9.752855 1.636301 -0.425713 0.583492 0.557062 0.409862
1403638551.127830 1.351136 9.880393 1.667588 -0.428912 0.582613 0.554683 0.411003
1403638551.227829 1.360717 9.998275 1.704950 -0.432664 0.583018 0.552714 0.409144
1403638551.327830 1.374244 10.108498 1.742628 -0.429930 0.587438 0.551767 0.406977
1403638551.427830 1.392390 10.216746 1.778253 -0.423998 0.597985 0.545159 0.406745
1403638551.527829 1.420610 10.312458 1.812789 -0.416880 0.612584 0.532414 0.409251
1403638551.627830 1.453104 10.405160 1.840673 -0.410826 0.629000 0.514474 0.413399
1403638551.727829 1.493964 10.494582 1.864764 -0.402913 0.644220 0.496008 0.420258
1403638551.827830 1.543065 10.581238 1.882951 -0.393273 0.657639 0.478083 0.429282
1403638551.927830 1.600027 10.662445 1.900924 -0.381231 0.664392 0.467204 0.441551
1403638552.027829 1.662853 10.739982 1.925690 -0.370502 0.666194 0.460878 0.454429
1403638552.127830 1.728790 10.812679 1.956805 -0.362633 0.669265 0.456920 0.460222
1403638552.227829 1.798772 10.879090 1.993054 -0.357879 0.674246 0.454800 0.458773
1403638552.327830 1.872429 10.941582 2.032050 -0.355717 0.676960 0.453491 0.457752
1403638552.427830 1.950572 10.998222 2.067402 -0.361426 0.675448 0.448465 0.460456
1403638552.527829 2.033929 11.050053 2.099508 -0.368209 0.671946 0.443720 0.464782
1403638552.627830 2.119603 11.092360 2.123793 -0.371600 0.668501 0.442271 0.468419
1403638552.727829 2.210173 11.124502 2.142496 -0.371399 0.667718 0.444207 0.467862
1403638552.827830 2.303436 11.148100 2.155471 -0.370089 0.666556 0.447301 0.467609
1403638552.927830 2.399286 11.164588 2.163209 -0.366143 0.665072 0.453035 0.467309
1403638553.027829 2.497742 11.173033 2.166708 -0.361354 0.662721 0.459095 0.468461
1403638553.127830 2.595870 11.177468 2.166009 -0.361859 0.659715 0.461532 0.469918
1403638553.227829 2.694194 11.176136 2.163664 -0.370054 0.654577 0.457875 0.474278
1403638553.327830 2.792814 11.166987 2.164519 -0.374911 0.648691 0.456421 0.479919
1403638553.427830 2.890308 11.146631 2.170554 -0.372819 0.643388 0.459262 0.485939
1403638553.527829 2.988139 11.115740 2.185512 -0.369699 0.638877 0.462764 0.490925
1403638553.627830 3.079043 11.070243 2.201743 -0.366739 0.635884 0.465410 0.494518
1403638553.727829 3.163763 11.012290 2.223331 -0.365173 0.635461 0.467332 0.494407
1403638553.827830 3.243065 10.943940 2.250249 -0.362974 0.636730 0.469191 0.492630
1403638553.927830 3.345032 10.878789 2.290922 -0.361160 0.638473 0.470875 0.490094
1403638554.027829 3.422289 10.804457 2.326332 -0.361464 0.643145 0.470566 0.484020
1403638554.127830 3.493270 10.717336 2.351937 -0.359077 0.644959 0.472270 0.481717
1403638554.227829 3.567232 10.635067 2.376472 -0.350764 0.650025 0.478420 0.474917
1403638554.327830 3.634741 10.543407 2.390789 -0.343603 0.654585 0.483739 0.468457
1403638554.427830 3.713279 10.466432 2.410286 -0.339869 0.657063 0.486811 0.464513
1403638554.527829 3.778432 10.379859 2.419660 -0.338453 0.657678 0.488111 0.463311
1403638554.627830 3.839837 10.292410 2.425360 -0.341385 0.659344 0.486586 0.460387
1403638554.727829 3.899648 10.204793 2.435738 -0.347033 0.660221 0.482852 0.458836
1403638554.827830 3.962421 10.120612 2.451477 -0.351699 0.660898 0.480132 0.457159
1403638554.927830 4.022912 10.033632 2.468268 -0.355030 0.661159 0.477558 0.456903
1403638555.027829 4.086065 9.947111 2.482285 -0.355415 0.662886 0.473260 0.458570
1403638555.127830 4.184691 9.892855 2.514315 -0.349556 0.667413 0.469283 0.460590
1403638555.227829 4.253277 9.806312 2.516828 -0.343515 0.674282 0.461010 0.463477
1403638555.327830 4.323123 9.719553 2.515056 -0.337798 0.679424 0.454049 0.467028
1403638555.427830 4.394472 9.633108 2.510941 -0.330168 0.681583 0.451062 0.472205
1403638555.527829 4.467546 9.548074 2.505128 -0.327307 0.683639 0.447451 0.474653
1403638555.627830 4.540878 9.462859 2.501380 -0.325024 0.684666 0.445989 0.476116
1403638555.727829 4.613902 9.375719 2.506466 -0.325359 0.686139 0.444679 0.474989
1403638555.827830 4.684882 9.294761 2.534807 -0.323091 0.686952 0.445885 0.474232
1403638555.927830 4.756222 9.205253 2.553511 -0.321718 0.686624 0.447413 0.474200
1403638556.027829 4.829393 9.119748 2.578033 -0.320852 0.685401 0.448734 0.475308
1403638556.127830 4.902845 9.035182 2.601769 -0.319675 0.687331 0.449825 0.472272
1403638556.227829 4.976868 8.951382 2.618345 -0.317663 0.691830 0.451023 0.465875
1403638556.327830 5.051752 8.869872 2.629919 -0.316769 0.694371 0.451662 0.462068
1403638556.427830 5.129981 8.794047 2.641003 -0.315873 0.696243 0.452346 0.459188
1403638556.527829 5.209128 8.721300 2.649879 -0.313101 0.699750 0.453695 0.454399
1403638556.627830 5.292219 8.655232 2.661097 -0.317492 0.702761 0.449901 0.450460
1403638556.727829 5.380139 8.593982 2.677750 -0.325131 0.702266 0.443814 0.451821
1403638556.827830 5.469420 8.528995 2.699798 -0.331408 0.699391 0.439416 0.455999
1403638556.927830 5.539729 8.550820 2.737756 -0.334841 0.699055 0.435972 0.457310
1403638557.027829 5.637988 8.496284 2.766133 -0.336082 0.697710 0.435317 0.459074
1403638557.127830 5.740765 8.441948 2.787938 -0.333687 0.695897 0.437516 0.461475
1403638557.227829 5.846836 8.387570 2.802763 -0.332683 0.694520 0.438591 0.463252
1403638557.327830 5.957918 8.336444 2.812680 -0.331534 0.693619 0.439842 0.464238
1403638557.427830 6.072901 8.287734 2.822556 -0.328180 0.691591 0.442858 0.466773
1403638557.527829 6.187320 8.235063 2.837003 -0.322449 0.688792 0.447206 0.470743
1403638557.627830 6.291193 8.223433 2.844642 -0.319040 0.686813 0.449913 0.473371
1403638557.727829 6.403125 8.176454 2.867465 -0.317963 0.686100 0.450630 0.474445
1403638557.827830 6.513398 8.131275 2.888240 -0.316020 0.685806 0.451427 0.475410
1403638557.927830 6.621731 8.087646 2.902182 -0.313216 0.686076 0.453130 0.475256
1403638558.027829 6.728090 8.045681 2.908648 -0.311580 0.688762 0.454175 0.471434
1403638558.127830 6.833042 8.006237 2.909477 -0.309573 0.693851 0.455112 0.464337
1403638558.227829 6.937566 7.970214 2.911116 -0.306630 0.700076 0.456396 0.455603
1403638558.327830 7.043560 7.941551 2.921865 -0.302504 0.701782 0.458760 0.453358
1403638558.427830 7.149920 7.919510 2.943954 -0.296390 0.704195 0.462343 0.450001
1403638558.527829 7.256453 7.905153 2.971944 -0.292965 0.707392 0.463867 0.445641
1403638558.627830 7.364509 7.900804 3.007766 -0.297765 0.708694 0.459886 0.444515
1403638558.727829 7.474620 7.905124 3.047299 -0.308066 0.709338 0.451959 0.444599
1403638558.827830 7.588286 7.914924 3.082012 -0.313429 0.708869 0.447647 0.445959
1403638558.927830 7.705432 7.928174 3.109500 -0.314067 0.705821 0.446938 0.451027
1403638559.027829 7.825736 7.944716 3.130146 -0.314564 0.700749 0.446751 0.458709
1403638559.127830 7.947456 7.964095 3.143553 -0.315495 0.697004 0.446435 0.464052
1403638559.227829 8.070204 7.984932 3.149874 -0.314483 0.693712 0.447989 0.468156
1403638559.327830 8.193062 8.007855 3.148904 -0.312727 0.691314 0.450073 0.470872
1403638559.427830 8.313038 8.031014 3.143533 -0.308556 0.688646 0.453763 0.473982
1403638559.527829 8.429956 8.056533 3.131568 -0.307241 0.686701 0.455238 0.476238
1403638559.627830 8.543330 8.083299 3.115585 -0.307574 0.684951 0.455839 0.477966
1403638559.727829 8.653267 8.113458 3.098221 -0.307981 0.684010 0.456386 0.478529
1403638559.827830 8.759558 8.145477 3.086099 -0.309234 0.684580 0.456387 0.476901
1403638559.927830 8.861762 8.177802 3.080069 -0.309423 0.685673 0.453827 0.477651
1403638560.027829 8.962457 8.210336 3.069636 -0.306274 0.691577 0.444331 0.480090
1403638560.127830 9.061383 8.242437 3.052553 -0.298819 0.700679 0.428533 0.485917
1403638560.227829 9.159890 8.274482 3.029027 -0.287125 0.711362 0.408905 0.494288
1403638560.327830 9.259204 8.305699 3.004128 -0.275349 0.720446 0.386100 0.506032
1403638560.427830 9.396973 8.344826 2.975571 -0.264087 0.728505 0.362094 0.518099
1403638560.527829 9.492339 8.373202 2.943136 -0.251480 0.736709 0.336547 0.529862
1403638560.627830 9.583874 8.398145 2.906617 -0.241260 0.747100 0.308593 0.537033
1403638560.727829 9.671890 8.418247 2.868859 -0.233973 0.757387 0.281074 0.540943
1403638560.827830 9.756562 8.430136 2.838531 -0.223476 0.764801 0.257982 0.546427
1403638560.927830 9.838654 8.434596 2.815193 -0.213080 0.770530 0.235258 0.552751
1403638561.027829 9.918837 8.431284 2.799847 -0.200004 0.772987 0.215375 0.562230
1403638561.127830 9.995115 8.418826 2.792040 -0.188285 0.775397 0.196014 0.569988
1403638561.227829 10.066465 8.398399 2.790208 -0.179070 0.776452 0.180344 0.576656
1403638561.327830 10.131500 8.370089 2.794169 -0.172779 0.777945 0.170308 0.579607
1403638561.427830 10.215824 8.340202 2.797803 -0.161253 0.784131 0.171255 0.574289
1403638561.527829 10.274828 8.300268 2.795150 -0.148714 0.788584 0.176155 0.570078
1403638561.627830 10.330607 8.257830 2.785499 -0.141915 0.791307 0.179840 0.566879
1403638561.727829 10.383177 8.214150 2.771904 -0.140382 0.792128 0.182221 0.565352
1403638561.827830 10.432752 8.169457 2.752483 -0.138940 0.791593 0.184165 0.565826
1403638561.927830 10.480112 8.122960 2.729071 -0.134627 0.791540 0.182906 0.567350
1403638562.027829 10.524399 8.076000 2.701863 -0.129061 0.792925 0.175431 0.569067
1403638562.127830 10.579727 8.020200 2.689277 -0.122316 0.794924 0.166175 0.570544
1403638562.227829 10.617690 7.971428 2.675185 -0.115223 0.796253 0.157873 0.572521
1403638562.327830 10.653436 7.923891 2.666914 -0.109096 0.797396 0.147969 0.574772
1403638562.427830 10.684741 7.875524 2.663193 -0.102092 0.798785 0.134049 0.577538
1403638562.527829 10.715404 7.826844 2.665456 -0.093044 0.801729 0.116196 0.578855
1403638562.627830 10.745805 7.777590 2.674298 -0.084332 0.803741 0.093704 0.581470
1403638562.727829 10.773290 7.725355 2.685328 -0.075422 0.806176 0.068832 0.582798
1403638562.827830 10.798105 7.669740 2.694900 -0.064241 0.807828 0.043412 0.584297
1403638562.927830 10.819695 7.609987 2.698824 -0.050660 0.809212 0.019601 0.585000
1403638563.027829 10.838775 7.546867 2.697570 -0.038718 0.809397 -0.003081 0.585976
1403638563.127830 10.854524 7.479750 2.690533 -0.031836 0.809762 -0.026982 0.585272
1403638563.227829 10.867046 7.407131 2.679825 -0.018737 0.808063 -0.042592 0.587256
1403638563.327830 10.875638 7.330247 2.664745 -0.009081 0.803536 -0.053248 0.592801
1403638563.427830 10.878720 7.248908 2.645836 -0.005363 0.794984 -0.061313 0.603500
1403638563.527829 10.847620 7.178165 2.631335 -0.000506 0.792709 -0.064765 0.606150
1403638563.627830 10.830638 7.090395 2.611619 0.003061 0.795432 -0.063894 0.602657
1403638563.727829 10.804837 6.998613 2.598928 0.000638 0.798321 -0.064492 0.598769
1403638563.827830 10.772940 6.902071 2.593465 -0.003063 0.799708 -0.064520 0.596905
1403638563.927830 10.735168 6.801057 2.596580 -0.006369 0.799120 -0.063360 0.597789
1403638564.027829 10.691260 6.694833 2.601634 -0.010143 0.798724 -0.061145 0.598497
1403638564.127830 10.640985 6.583455 2.601896 -0.013397 0.798589 -0.057787 0.598946
1403638564.227829 10.585160 6.466476 2.597527 -0.013774 0.797866 -0.052332 0.600401
1403638564.327830 10.523566 6.344455 2.594349 -0.011773 0.796773 -0.045908 0.602418
1403638564.427830 10.455932 6.217889 2.597748 -0.012134 0.794808 -0.041950 0.605287
1403638564.527829 10.380931 6.087149 2.607097 -0.013330 0.794780 -0.039601 0.605458
1403638564.627830 10.297768 5.952963 2.617482 -0.017510 0.796923 -0.040427 0.602473
1403638564.727829 10.208006 5.814164 2.622766 -0.022501 0.798201 -0.043587 0.600390
1403638564.827830 10.111612 5.670974 2.620824 -0.025323 0.798410 -0.046627 0.599772
1403638564.927830 10.014007 5.521355 2.608881 -0.027700 0.797466 -0.048952 0.600737
1403638565.027829 9.907678 5.368329 2.575013 -0.028977 0.797435 -0.049854 0.600644
1403638565.127830 9.810263 5.201125 2.551750 -0.029934 0.798480 -0.050582 0.599145
1403638565.227829 9.700720 5.036813 2.494178 -0.029587 0.799256 -0.050167 0.598163
1403638565.327830 9.588926 4.865203 2.434002 -0.027329 0.800117 -0.049269 0.597192
1403638565.427830 9.473322 4.689534 2.372165 -0.025033 0.800963 -0.047972 0.596264
1403638565.527829 9.354094 4.508199 2.313673 -0.019527 0.798883 -0.046320 0.599382
1403638565.627830 9.232004 4.322205 2.264379 -0.011033 0.797326 -0.042863 0.601924
1403638565.727829 9.104162 4.136387 2.221751 0.001134 0.798406 -0.036538 0.601008
1403638565.827830 8.972524 3.950907 2.187212 0.007405 0.801394 -0.034013 0.597123
1403638565.927830 8.835485 3.768000 2.159740 0.013455 0.803789 -0.032064 0.593897
1403638566.027829 8.694778 3.590102 2.130347 0.014235 0.804990 -0.033070 0.592196
1403638566.127830 8.551887 3.416841 2.093551 0.014659 0.805145 -0.033495 0.591949
1403638566.227829 8.406346 3.247031 2.048069 0.015051 0.804844 -0.033335 0.592358
1403638566.327830 8.260680 3.080832 1.994948 0.014488 0.805882 -0.033326 0.590960
1403638566.427830 8.113761 2.918167 1.934748 0.014161 0.805766 -0.032148 0.591191
1403638566.527829 7.968428 2.757818 1.868349 0.012247 0.806143 -0.031629 0.590748
1403638566.627830 7.821719 2.601219 1.795682 0.010361 0.812756 -0.030506 0.581712
1403638566.727829 7.691332 2.451252 1.703957 0.009288 0.825013 -0.029501 0.564267
1403638566.827830 7.553378 2.300966 1.620226 0.009716 0.834665 -0.026413 0.550039
1403638566.927830 7.422384 2.152994 1.533424 0.009452 0.840845 -0.023827 0.540668
1403638567.027829 7.300335 2.007872 1.444792 0.008274 0.840669 -0.022538 0.541017
1403638567.127830 7.186850 1.865910 1.358904 0.010007 0.828082 -0.020028 0.560160
1403638567.227829 7.078889 1.727135 1.268275 0.011652 0.816770 -0.018435 0.576551
1403638567.327830 6.971832 1.591755 1.171520 0.014842 0.811134 -0.017207 0.584419
1403638567.427830 6.863381 1.460588 1.074208 0.017149 0.810670 -0.017532 0.584990
1403638567.527829 6.781150 1.341709 0.974792 0.018346 0.813159 -0.018301 0.581464
1403638567.627830 6.674039 1.219038 0.889694 0.020457 0.816997 -0.019404 0.575953
1403638567.727829 6.569180 1.101279 0.813705 0.023063 0.820134 -0.020022 0.571356
1403638567.827830 6.467325 0.989047 0.746281 0.025019 0.824091 -0.020416 0.565536
1403638567.927830 6.373420 0.880464 0.686298 0.022697 0.825597 -0.022994 0.563335
1403638568.027829 6.283351 0.777655 0.631577 0.023928 0.826197 -0.023108 0.562398
1403638568.127830 6.199733 0.677989 0.586799 0.026724 0.825293 -0.021608 0.563658
1403638568.227829 6.118778 0.583141 0.550405 0.028874 0.824545 -0.020538 0.564685
1403638568.327830 6.060332 0.505118 0.543854 0.029661 0.825118 -0.020569 0.563806
1403638568.427830 5.987376 0.423283 0.509870 0.029851 0.826367 -0.021026 0.561947
1403638568.527829 5.920038 0.344432 0.472485 0.030619 0.827075 -0.020540 0.560882
1403638568.627830 5.856379 0.272756 0.431654 0.031322 0.828695 -0.020208 0.558458
1403638568.727829 5.798292 0.205879 0.390809 0.033032 0.830018 -0.018600 0.556447
1403638568.827830 5.745070 0.144714 0.356285 0.031076 0.829933 -0.019610 0.556652
1403638568.927830 5.696421 0.089423 0.329388 0.032171 0.829882 -0.018982 0.556687
1403638569.027829 5.655347 0.036910 0.313321 0.032112 0.829007 -0.018922 0.557995
1403638569.127830 5.617574 -0.008128 0.302795 0.033772 0.829135 -0.017753 0.557745
1403638569.227829 5.583937 -0.048065 0.297065 0.035779 0.830615 -0.016805 0.555442
1403638569.327830 5.553854 -0.082070 0.288135 0.036968 0.831325 -0.016631 0.554307
1403638569.427830 5.521859 -0.135514 0.290147 0.037104 0.830659 -0.015754 0.555320
1403638569.527829 5.501149 -0.160984 0.272166 0.037206 0.829427 -0.015508 0.557159
1403638569.627830 5.484026 -0.181144 0.255021 0.036792 0.828023 -0.016148 0.559252
1403638569.727829 5.469428 -0.195791 0.244508 0.037736 0.827068 -0.015888 0.560609
1403638569.827830 5.457254 -0.204191 0.239941 0.037748 0.826412 -0.015463 0.561586
1403638569.927830 5.447483 -0.207919 0.240552 0.038913 0.824513 -0.014832 0.564309
1403638570.027829 5.439481 -0.206572 0.241294 0.036782 0.823267 -0.016078 0.566234
1403638570.127830 5.433173 -0.200343 0.236285 0.033301 0.823358 -0.018422 0.566244
1403638570.227829 5.457217 -0.191798 0.235052 0.026827 0.823258 -0.021639 0.566620
1403638570.327830 5.456204 -0.180186 0.219390 0.018104 0.822914 -0.027984 0.567187
1403638570.427830 5.456301 -0.169078 0.198729 0.014453 0.822598 -0.038124 0.567160
1403638570.527829 5.473775 -0.162619 0.177127 0.008135 0.821663 -0.060043 0.566744
1403638570.627830 5.476951 -0.160281 0.145280 0.003988 0.818120 -0.089157 0.568080
1403638570.727829 5.480381 -0.167220 0.110247 0.009434 0.810305 -0.116684 0.574196
1403638570.827830 5.480911 -0.184523 0.074185 0.018744 0.797941 -0.143714 0.585051
1403638570.927830 5.475467 -0.212310 0.036155 0.032734 0.788269 -0.166522 0.591465
1403638571.027829 5.462783 -0.251277 -0.004858 0.047774 0.781656 -0.187619 0.592900
1403638571.127830 5.440829 -0.300032 -0.049255 0.067907 0.782897 -0.203533 0.583982
1403638571.227829 5.410945 -0.356767 -0.086734 0.089358 0.785398 -0.212188 0.574579
1403638571.327830 5.376858 -0.418984 -0.113456 0.107604 0.785899 -0.216933 0.568967
1403638571.427830 5.335982 -0.484707 -0.131213 0.115381 0.783809 -0.222907 0.568017
1403638571.527829 5.290805 -0.553252 -0.141269 0.121324 0.780788 -0.226243 0.569619
1403638571.627830 5.240251 -0.624851 -0.153587 0.127931 0.779511 -0.233125 0.567142
1403638571.727829 5.186034 -0.699035 -0.171736 0.134931 0.779451 -0.244780 0.560655
1403638571.827830 5.128315 -0.776164 -0.195154 0.143209 0.778049 -0.260116 0.553598
1403638571.927830 5.068611 -0.856795 -0.220244 0.150594 0.773239 -0.279417 0.548953
1403638572.027829 5.005714 -0.941596 -0.239421 0.159467 0.766736 -0.298924 0.545281
1403638572.127830 4.939769 -1.022990 -0.230650 0.170617 0.759535 -0.317120 0.541693
1403638572.227829 4.868576 -1.114405 -0.231890 0.187185 0.753971 -0.331907 0.535096
1403638572.327830 4.794725 -1.208476 -0.233844 0.200474 0.749635 -0.349675 0.524961
1403638572.427830 4.720486 -1.306317 -0.239410 0.214082 0.744770 -0.366355 0.515044
1403638572.527829 4.647432 -1.407361 -0.246761 0.226686 0.741234 -0.376879 0.507097
1403638572.627830 4.576687 -1.511578 -0.253891 0.235181 0.737944 -0.383411 0.503115
1403638572.727829 4.507654 -1.619187 -0.256271 0.242293 0.737566 -0.385954 0.498327
1403638572.827830 4.442112 -1.730312 -0.249133 0.248076 0.739632 -0.385065 0.493080
1403638572.927830 4.385557 -1.846655 -0.210436 0.249572 0.741911 -0.384808 0.489085
1403638573.027829 4.330425 -1.963252 -0.193059 0.249995 0.744358 -0.383702 0.486010
1403638573.127830 4.280314 -2.081652 -0.181286 0.248796 0.746559 -0.382164 0.484459
1403638573.227829 4.235295 -2.202472 -0.173437 0.247316 0.747496 -0.380478 0.485098
1403638573.327830 4.195862 -2.325859 -0.165081 0.245870 0.748535 -0.378463 0.485806
1403638573.427830 4.160326 -2.451872 -0.156106 0.246990 0.749630 -0.378951 0.483163
1403638573.527829 4.131748 -2.581345 -0.140819 0.250008 0.749430 -0.379031 0.481856
1403638573.627830 4.108768 -2.713211 -0.116931 0.251359 0.749103 -0.379557 0.481249
1403638573.727829 4.090782 -2.845859 -0.088543 0.255800 0.748468 -0.381559 0.478304
1403638573.827830 4.078571 -2.980798 -0.057916 0.266730 0.741353 -0.385716 0.480077
1403638573.927830 4.070981 -3.115952 -0.031607 0.281012 0.728871 -0.394502 0.483887
1403638574.027829 4.068123 -3.249877 -0.011530 0.288842 0.710633 -0.412836 0.491056
1403638574.127830 4.064946 -3.380571 0.002501 0.294589 0.689134 -0.435900 0.498301
1403638574.227829 4.056492 -3.508290 0.010595 0.301883 0.668052 -0.459611 0.501329
1403638574.327830 4.044126 -3.632377 0.015966 0.312655 0.652413 -0.480938 0.495280
1403638574.427830 4.023877 -3.752951 0.017441 0.326521 0.640598 -0.499287 0.483457
1403638574.527829 3.999746 -3.870150 0.018243 0.338215 0.629408 -0.516341 0.472067
1403638574.627830 3.970361 -3.984780 0.025188 0.348797 0.619910 -0.526881 0.465240
1403638574.727829 3.938597 -4.097326 0.040182 0.360971 0.616995 -0.530990 0.455046
1403638574.827830 3.906721 -4.206697 0.060867 0.367562 0.619132 -0.533735 0.443510
1403638574.927830 3.875354 -4.314199 0.079847 0.366226 0.621419 -0.538371 0.435745
1403638575.027829 3.844530 -4.420623 0.093055 0.362283 0.622292 -0.542063 0.433211
1403638575.127830 3.813827 -4.526587 0.099844 0.354938 0.619815 -0.546775 0.436905
1403638575.227829 3.781350 -4.632979 0.101657 0.350589 0.617705 -0.548607 0.441087
1403638575.327830 3.745568 -4.739801 0.099201 0.347102 0.618319 -0.549175 0.442277
1403638575.427830 3.706938 -4.847429 0.092131 0.343684 0.623439 -0.548805 0.438198
1403638575.527829 3.665864 -4.956956 0.082323 0.342396 0.628121 -0.546699 0.435143
1403638575.627830 3.622783 -5.069151 0.075956 0.344713 0.634828 -0.542179 0.429195
1403638575.727829 3.567951 -5.227531 0.066371 0.346001 0.641647 -0.537011 0.424489
1403638575.827830 3.524120 -5.350602 0.074209 0.346862 0.647480 -0.534427 0.418144
1403638575.927830 3.484778 -5.478551 0.093631 0.346014 0.649274 -0.533345 0.417446
1403638576.027829 3.449473 -5.610869 0.122796 0.346227 0.649638 -0.532097 0.418295
1403638576.127830 3.416749 -5.745734 0.159090 0.347047 0.649356 -0.531428 0.418903
1403638576.227829 3.387760 -5.884764 0.197087 0.349540 0.648430 -0.529794 0.420332
1403638576.327830 3.362155 -6.026984 0.229543 0.354409 0.649424 -0.526666 0.418648
1403638576.427830 3.340545 -6.172044 0.255973 0.357896 0.651481 -0.524575 0.415095
1403638576.527829 3.323770 -6.320006 0.276566 0.363378 0.655224 -0.520864 0.409070
1403638576.627830 3.314114 -6.470541 0.292742 0.367061 0.657975 -0.518523 0.404313
1403638576.727829 3.313322 -6.623216 0.304779 0.370364 0.657243 -0.516039 0.405668
1403638576.827830 3.320835 -6.777468 0.312386 0.375291 0.653149 -0.512598 0.412063
1403638576.927830 3.335732 -6.930766 0.314237 0.375456 0.647512 -0.512847 0.420416
1403638577.027829 3.357054 -7.082180 0.312171 0.371425 0.642746 -0.515843 0.427584
1403638577.127830 3.382060 -7.231510 0.313429 0.368212 0.639059 -0.518486 0.432662
1403638577.227829 3.410254 -7.378775 0.322771 0.365980 0.637441 -0.520290 0.434772
1403638577.327830 3.441545 -7.525831 0.339805 0.369875 0.639814 -0.517456 0.431359
1403638577.427830 3.475666 -7.671293 0.364639 0.376034 0.644447 -0.512517 0.424985
1403638577.527829 3.514366 -7.815497 0.390701 0.376436 0.645107 -0.511924 0.424342
1403638577.627830 3.557943 -7.957840 0.411460 0.373586 0.644283 -0.513819 0.425820
1403638577.727829 3.605773 -8.097730 0.426222 0.371171 0.644118 -0.515247 0.426455
1403638577.827830 3.656078 -8.237616 0.432983 0.368717 0.643908 -0.516367 0.427545
1403638577.927830 3.712737 -8.375944 0.436878 0.368625 0.644165 -0.515626 0.428133
1403638578.027829 3.770640 -8.514296 0.441583 0.369457 0.644432 -0.514151 0.428785
1403638578.127830 3.835958 -8.651273 0.455090 0.366884 0.642956 -0.514938 0.432253
1403638578.227829 3.900279 -8.790004 0.472654 0.358777 0.637933 -0.519999 0.440365
1403638578.327830 3.966413 -8.929039 0.494410 0.352706 0.634600 -0.523993 0.445323
1403638578.427830 4.030273 -9.067220 0.511273 0.352495 0.634033 -0.524453 0.445756
1403638578.527829 4.091992 -9.204311 0.521486 0.352441 0.633519 -0.524989 0.445898
1403638578.627830 4.152851 -9.339353 0.528488 0.353553 0.632687 -0.524839 0.446376
1403638578.727829 4.211229 -9.473420 0.531976 0.357446 0.634251 -0.522509 0.443782
1403638578.827830 4.269145 -9.605410 0.532098 0.362639 0.637945 -0.518834 0.438555
1403638578.927830 4.327352 -9.736697 0.529449 0.366770 0.639182 -0.516023 0.436629
1403638579.027829 4.389648 -9.865408 0.531847 0.368571 0.640303 -0.513930 0.435941
1403638579.127830 4.454306 -9.995520 0.544227 0.368924 0.640616 -0.512976 0.436305
1403638579.227829 4.522852 -10.122220 0.564412 0.368730 0.640575 -0.512729 0.436819
1403638579.327830 4.591893 -10.246698 0.587226 0.365525 0.639027 -0.514430 0.439770
1403638579.427830 4.663595 -10.369310 0.609338 0.357870 0.634475 -0.519687 0.446427
1403638579.527829 4.732439 -10.491136 0.623023 0.352843 0.631333 -0.521983 0.452165
1403638579.627830 4.800817 -10.611049 0.633698 0.354661 0.629021 -0.513890 0.463104
1403638579.727829 4.868381 -10.727023 0.639914 0.355786 0.634771 -0.497742 0.471948
1403638579.827830 4.935452 -10.837120 0.639794 0.349227 0.650113 -0.477697 0.476654
1403638579.927830 5.003180 -10.941431 0.633562 0.334807 0.670844 -0.454611 0.480835
1403638580.027829 5.071996 -11.041453 0.623037 0.318483 0.688289 -0.424843 0.494303
1403638580.127830 5.141045 -11.134025 0.611291 0.301692 0.701224 -0.388467 0.516101
1403638580.227829 5.208717 -11.217420 0.594300 0.278236 0.716937 -0.351819 0.533675
1403638580.327830 5.273478 -11.290992 0.572728 0.249309 0.734364 -0.320351 0.543995
1403638580.427830 5.332807 -11.358101 0.545819 0.219118 0.748020 -0.299937 0.549992
1403638580.527829 5.386590 -11.421735 0.515379 0.197898 0.756592 -0.285606 0.553927
1403638580.627830 5.436199 -11.482648 0.483644 0.181741 0.764852 -0.271874 0.555028
1403638580.727829 5.481397 -11.541368 0.454026 0.168065 0.775768 -0.256159 0.551653
1403638580.827830 5.522274 -11.598945 0.433404 0.160902 0.783880 -0.243220 0.548166
1403638580.927830 5.560323 -11.655302 0.421882 0.156771 0.788162 -0.235037 0.546792
1403638581.027829 5.597779 -11.711996 0.419131 0.152412 0.789367 -0.232995 0.547159
1403638581.127830 5.634993 -11.769039 0.424401 0.153378 0.789840 -0.231097 0.547012
1403638581.227829 5.672114 -11.825437 0.433899 0.156001 0.790034 -0.230515 0.546236
1403638581.327830 5.708491 -11.880336 0.443424 0.159845 0.789633 -0.231136 0.545440
1403638581.427830 5.744353 -11.932530 0.453064 0.163211 0.787773 -0.232222 0.546670
1403638581.527829 5.780648 -11.982788 0.468663 0.165769 0.786496 -0.234514 0.546761
1403638581.627830 5.818130 -12.031353 0.487604 0.169698 0.784100 -0.235637 0.548512
1403638581.727829 5.856301 -12.077842 0.502352 0.174292 0.779474 -0.235481 0.553707
1403638581.827830 5.893495 -12.120705 0.509565 0.176027 0.777736 -0.236828 0.555026
1403638581.927830 5.930480 -12.159079 0.513495 0.179267 0.770893 -0.236275 0.563703
1403638582.027829 5.964270 -12.192841 0.514006 0.181557 0.767422 -0.235547 0.567995
1403638582.127830 5.995977 -12.220144 0.519595 0.179534 0.773598 -0.237829 0.559242
1403638582.227829 6.025761 -12.244660 0.535428 0.176761 0.779643 -0.240247 0.550630
1403638582.327830 6.055014 -12.267878 0.563052 0.178935 0.778130 -0.238477 0.552833
1403638582.427830 6.085867 -12.286506 0.601629 0.180584 0.775504 -0.236960 0.556627
1403638582.527829 6.114648 -12.302017 0.649279 0.181654 0.774394 -0.235993 0.558232
1403638582.627830 6.143012 -12.312959 0.708072 0.182260 0.774156 -0.235473 0.558585
1403638582.727829 6.169993 -12.320130 0.773512 0.181406 0.776732 -0.236442 0.554865
1403638582.827830 6.197448 -12.323317 0.846404 0.180796 0.778011 -0.237436 0.552843
1403638582.927830 6.223712 -12.325841 0.913654 0.180495 0.779283 -0.238577 0.550655
1403638583.027829 6.250168 -12.324117 0.974879 0.179562 0.782045 -0.240187 0.546327
1403638583.127830 6.276152 -12.322222 1.026794 0.179028 0.784100 -0.241355 0.543032
1403638583.227829 6.303644 -12.318708 1.071755 0.178095 0.785117 -0.242804 0.541221
1403638583.327830 6.333722 -12.311666 1.114230 0.178408 0.785034 -0.242622 0.541319
1403638583.427830 6.364499 -12.305756 1.149809 0.178088 0.785356 -0.242858 0.540851
1403638583.527829 6.397632 -12.298908 1.188040 0.177784 0.785935 -0.242929 0.540078
1403638583.627830 6.431967 -12.290327 1.234974 0.178587 0.785839 -0.242355 0.540210
1403638583.727829 6.467031 -12.277382 1.288212 0.179853 0.785744 -0.241631 0.540254
1403638583.827830 6.504093 -12.261709 1.338326 0.180237 0.785647 -0.240990 0.540553
1403638583.927830 6.542254 -12.247225 1.379458 0.179954 0.784828 -0.240960 0.541849
1403638584.027829 6.581268 -12.230541 1.414158 0.181029 0.784142 -0.240172 0.542832
1403638584.127830 6.493437 -11.936226 1.459504 0.187688 0.776629 -0.238269 0.552131
1403638584.227829 6.528870 -11.900233 1.486930 0.191917 0.767053 -0.234386 0.565563
1403638584.327830 6.561463 -11.859182 1.506751 0.193216 0.761320 -0.232915 0.573419
1403638584.427830 6.589086 -11.810775 1.519389 0.192876 0.760503 -0.232689 0.574709
1403638584.527829 6.611592 -11.755101 1.530038 0.192153 0.760117 -0.232837 0.575401
1403638584.627830 6.629855 -11.694785 1.546979 0.191813 0.761321 -0.232670 0.573989
1403638584.727829 6.644317 -11.628457 1.572263 0.189635 0.764972 -0.233864 0.569353
1403638584.827830 6.654747 -11.556147 1.602805 0.184898 0.773100 -0.236973 0.558545
1403638584.927830 6.664657 -11.482854 1.635742 0.179747 0.779165 -0.241122 0.549958
1403638585.027829 6.619922 -11.322839 1.546143 0.179357 0.781014 -0.243149 0.546559
1403638585.127830 6.626880 -11.240354 1.560810 0.177757 0.781523 -0.244073 0.545942
1403638585.227829 6.633653 -11.155892 1.567187 0.177668 0.780537 -0.244321 0.547269
1403638585.327830 6.600753 -11.072781 1.499945 0.178848 0.777799 -0.243245 0.551248
1403638585.427830 6.606063 -10.989216 1.495752 0.178625 0.777339 -0.243061 0.552049
1403638585.527829 6.611302 -10.905061 1.493043 0.178760 0.778528 -0.242914 0.550392
1403638585.627830 6.619987 -10.821797 1.499915 0.177939 0.780599 -0.243079 0.547646
1403638585.727829 6.626934 -10.737782 1.511823 0.176506 0.784725 -0.243902 0.541816
1403638585.827830 6.638411 -10.655157 1.533688 0.173682 0.789403 -0.246074 0.534906
1403638585.927830 6.653930 -10.575163 1.561339 0.170580 0.791843 -0.248712 0.531064
1403638586.027829 6.672333 -10.497493 1.595642 0.170842 0.789180 -0.249153 0.534726
1403638586.127830 6.694838 -10.422361 1.627904 0.173237 0.785445 -0.248880 0.539559
1403638586.227829 6.717815 -10.347628 1.653528 0.175163 0.783156 -0.247866 0.542722
1403638586.327830 6.743886 -10.274267 1.675875 0.178561 0.779989 -0.246075 0.546974
1403638586.427830 6.637353 -10.180479 1.658493 0.185002 0.776528 -0.239837 0.552500
1403638586.527829 6.650359 -10.102268 1.668628 0.191649 0.775580 -0.235668 0.553360
1403638586.627830 6.660878 -10.020061 1.671173 0.189109 0.776223 -0.237532 0.552535
1403638586.727829 6.673118 -9.935617 1.668816 0.185614 0.776216 -0.240120 0.552611
1403638586.827830 6.685961 -9.849155 1.660822 0.182525 0.775394 -0.242108 0.553924
1403638586.927830 6.695231 -9.760331 1.646078 0.182440 0.774886 -0.241641 0.554866
1403638587.027829 6.705980 -9.669970 1.628273 0.181642 0.774711 -0.241947 0.555239
1403638587.127830 6.713453 -9.577824 1.610195 0.180846 0.774962 -0.242524 0.554897
1403638587.227829 6.720382 -9.484264 1.600653 0.180599 0.777233 -0.242002 0.552022
1403638587.327830 6.726845 -9.389457 1.599324 0.180234 0.778869 -0.242550 0.549589
1403638587.427830 6.732304 -9.292630 1.602730 0.178806 0.779472 -0.243526 0.548769
1403638587.527829 6.732752 -9.194914 1.602990 0.177488 0.779258 -0.244519 0.549058
1403638587.627830 6.739045 -9.098032 1.601257 0.176536 0.779178 -0.245776 0.548917
1403638587.727829 6.740741 -9.000952 1.592348 0.176775 0.779098 -0.245718 0.548980
1403638587.827830 6.749008 -8.904831 1.581810 0.176068 0.778610 -0.246934 0.549355
1403638587.927830 6.752112 -8.808312 1.564260 0.175660 0.778331 -0.247357 0.549689
1403638588.027829 6.759665 -8.712860 1.545868 0.175511 0.777664 -0.247409 0.550657
1403638588.127830 6.762968 -8.617884 1.522370 0.178727 0.778087 -0.245118 0.550049
1403638588.227829 6.769749 -8.522537 1.498861 0.185088 0.778999 -0.240464 0.548707
1403638588.327830 6.733574 -8.488672 1.436573 0.185018 0.779189 -0.238979 0.549110
1403638588.427830 6.737720 -8.392805 1.420832 0.184866 0.779073 -0.238895 0.549362
1403638588.527829 6.741449 -8.294422 1.413038 0.182720 0.778807 -0.240366 0.549816
1403638588.627830 6.743526 -8.193159 1.413514 0.180447 0.778133 -0.241582 0.550986
1403638588.727829 6.743090 -8.089300 1.420331 0.177776 0.776413 -0.243526 0.553420
1403638588.827830 6.742554 -7.984840 1.427880 0.176975 0.775742 -0.244310 0.554271
1403638588.927830 6.740612 -7.880294 1.428808 0.175684 0.775462 -0.245753 0.554435
1403638589.027829 6.737222 -7.775682 1.422014 0.175600 0.775405 -0.246469 0.554224
1403638589.127830 6.733574 -7.670818 1.408823 0.177097 0.775515 -0.246010 0.553798
1403638589.227829 6.728033 -7.565892 1.390547 0.177234 0.775157 -0.245960 0.554278
1403638589.327830 6.722456 -7.460946 1.369600 0.177424 0.774403 -0.246019 0.555244
1403638589.427830 6.713915 -7.355292 1.350754 0.176803 0.774442 -0.246250 0.555284
1403638589.527829 6.705777 -7.249199 1.337201 0.176596 0.774739 -0.246221 0.554949
1403638589.627830 6.693758 -7.142425 1.330009 0.176978 0.774549 -0.245994 0.555193
1403638589.727829 6.682781 -7.035529 1.332149 0.176324 0.776190 -0.246739 0.552774
1403638589.827830 6.668502 -6.928709 1.336469 0.175953 0.777002 -0.247685 0.551327
1403638589.927830 6.655842 -6.822115 1.337199 0.177187 0.777350 -0.247675 0.550445
1403638590.027829 6.640644 -6.715550 1.330869 0.176236 0.776888 -0.249109 0.550754
1403638590.127830 6.632492 -6.608503 1.323621 0.177005 0.776217 -0.249392 0.551326
1403638590.227829 6.616905 -6.502721 1.307938 0.177423 0.775355 -0.249694 0.552267
1403638590.327830 6.603661 -6.396902 1.290370 0.177490 0.774951 -0.249869 0.552733
1403638590.427830 6.586447 -6.291273 1.267664 0.177920 0.775961 -0.250128 0.551059
1403638590.527829 6.573196 -6.184940 1.246784 0.176871 0.775888 -0.250982 0.551111
1403638590.627830 6.554894 -6.079936 1.228498 0.176010 0.777931 -0.251494 0.548266
1403638590.727829 6.542081 -5.976198 1.221379 0.173927 0.778862 -0.252982 0.546921
1403638590.827830 6.528968 -5.873682 1.222017 0.174120 0.779919 -0.252824 0.545426
1403638590.927830 6.567103 -5.827226 1.284097 0.172930 0.781432 -0.253976 0.543098
1403638591.027829 6.557250 -5.732985 1.300658 0.171772 0.782187 -0.255181 0.541813
1403638591.127830 6.548878 -5.640979 1.315966 0.171107 0.784826 -0.255997 0.537807
1403638591.227829 6.540059 -5.551568 1.324348 0.169444 0.789777 -0.257707 0.530215
1403638591.327830 6.536500 -5.465155 1.326419 0.166046 0.795466 -0.260422 0.521385
1403638591.427830 6.539359 -5.384037 1.321443 0.163536 0.798662 -0.262682 0.516132
1403638591.527829 6.545062 -5.308326 1.312495 0.160585 0.801220 -0.265079 0.511852
1403638591.627830 6.557082 -5.238823 1.297924 0.158527 0.803250 -0.266593 0.508514
1403638591.727829 6.575744 -5.176076 1.281326 0.158390 0.802074 -0.267330 0.510024
1403638591.827830 6.600753 -5.120507 1.265214 0.159912 0.799626 -0.266184 0.513977
1403638591.927830 6.631552 -5.071553 1.253098 0.161340 0.796891 -0.264894 0.518427
1403638592.027829 6.667488 -5.028752 1.249925 0.161978 0.794181 -0.264323 0.522660
1403638592.127830 6.709189 -4.992347 1.255394 0.162215 0.792559 -0.263012 0.525700
1403638592.227829 6.755549 -4.960384 1.271712 0.158389 0.787884 -0.259657 0.535471
1403638592.327830 6.803328 -4.932829 1.298159 0.151618 0.783086 -0.252967 0.547537
1403638592.427830 6.844748 -5.013453 1.335399 0.138758 0.783329 -0.240307 0.556232
1403638592.527829 6.888392 -5.002427 1.376327 0.128351 0.788566 -0.225743 0.557432
1403638592.627830 6.929579 -4.996776 1.423850 0.121690 0.796001 -0.212659 0.553489
1403638592.727829 6.969510 -4.995547 1.474003 0.116058 0.803235 -0.203298 0.547736
1403638592.827830 7.010294 -4.999031 1.519113 0.110933 0.809597 -0.197914 0.541366
1403638592.927830 7.052532 -5.007191 1.558792 0.109160 0.813098 -0.193668 0.538005
1403638593.027829 7.097199 -5.019672 1.593178 0.108261 0.814533 -0.191125 0.536924
1403638593.127830 7.145253 -5.035162 1.623130 0.107841 0.814601 -0.190054 0.537284
1403638593.227829 7.198176 -5.056463 1.658402 0.110850 0.811191 -0.188074 0.542503
1403638593.327830 7.254491 -5.081589 1.699707 0.119019 0.808595 -0.183307 0.546267
1403638593.427830 7.311512 -5.107221 1.743433 0.129168 0.804017 -0.177706 0.552533
1403638593.527829 7.369316 -5.130848 1.781140 0.134539 0.800293 -0.175794 0.557250
1403638593.627830 7.427269 -5.151605 1.811851 0.137567 0.798361 -0.175537 0.559358
1403638593.727829 7.484919 -5.168393 1.836302 0.139409 0.796449 -0.175198 0.561729
1403638593.827830 7.543396 -5.181286 1.856073 0.138412 0.790134 -0.176173 0.570520
1403638593.927830 7.597861 -5.188109 1.881968 0.132778 0.780912 -0.173937 0.585057
1403638594.027829 7.645143 -5.189691 1.911782 0.124931 0.783365 -0.171183 0.584318
1403638594.127830 7.686604 -5.189025 1.943595 0.119399 0.789286 -0.168261 0.578324
1403638594.227829 7.722369 -5.186307 1.977022 0.119253 0.794101 -0.163314 0.573158
1403638594.327830 7.756084 -5.182629 2.005408 0.119535 0.794372 -0.159045 0.573925
1403638594.427830 7.786510 -5.176081 2.035819 0.123981 0.792931 -0.152729 0.576683
1403638594.527829 7.813770 -5.165472 2.069269 0.122479 0.792643 -0.151508 0.577721
1403638594.627830 7.835712 -5.150134 2.110626 0.116711 0.793109 -0.154013 0.577613
1403638594.727829 7.855358 -5.133469 2.151765 0.112943 0.793665 -0.156977 0.576800
1403638594.827830 7.861216 -5.113454 2.234140 0.111312 0.794111 -0.158574 0.576066
1403638594.927830 7.874837 -5.094705 2.265499 0.111137 0.794972 -0.159553 0.574640
1403638595.027829 7.885077 -5.075484 2.288903 0.110390 0.796501 -0.161162 0.572213
1403638595.127830 7.892388 -5.054779 2.306262 0.110081 0.797406 -0.162246 0.570702
1403638595.227829 7.898033 -5.034926 2.316346 0.110850 0.797876 -0.162590 0.569799
1403638595.327830 7.901694 -5.014926 2.319925 0.111221 0.797958 -0.162808 0.569549
1403638595.427830 7.903923 -4.995701 2.317777 0.110793 0.797801 -0.163649 0.569612
1403638595.527829 7.904116 -4.975618 2.312266 0.110752 0.798375 -0.163625 0.568821
1403638595.627830 7.903277 -4.956489 2.307450 0.111258 0.798993 -0.162896 0.568064
1403638595.727829 7.894717 -4.911603 2.348637 0.116185 0.799410 -0.160231 0.567248
1403638595.827830 7.889066 -4.886824 2.354504 0.118811 0.800253 -0.158569 0.565982
1403638595.927830 7.883422 -4.861670 2.349591 0.120004 0.799967 -0.157997 0.566295
1403638596.027829 7.878276 -4.835013 2.331143 0.123988 0.799707 -0.155335 0.566540
1403638596.127830 7.873382 -4.806549 2.307094 0.134194 0.800847 -0.148459 0.564442
1403638596.227829 7.867620 -4.771607 2.286304 0.145967 0.802798 -0.139761 0.560960
1403638596.327830 7.866781 -4.706363 2.295597 0.157499 0.803866 -0.131914 0.558204
1403638596.427830 7.866012 -4.650799 2.293341 0.164182 0.803776 -0.126369 0.557691
1403638596.527829 7.868273 -4.582689 2.299090 0.170781 0.803452 -0.120778 0.557414
1403638596.627830 7.875585 -4.500929 2.313823 0.178013 0.803897 -0.114947 0.555741
1403638596.727829 7.887014 -4.403146 2.335702 0.184283 0.804472 -0.110063 0.553851
1403638596.827830 7.903651 -4.288691 2.366286 0.188453 0.803963 -0.106705 0.553843
1403638596.927830 7.924480 -4.156829 2.400099 0.190803 0.802936 -0.104770 0.554897
1403638597.027829 7.949383 -4.009515 2.433267 0.192621 0.801781 -0.104901 0.555914
1403638597.127830 7.979191 -3.847058 2.460857 0.195476 0.800061 -0.104067 0.557550
1403638597.227829 8.012910 -3.668645 2.482899 0.196072 0.797841 -0.105468 0.560251
1403638597.327830 8.060046 -3.487483 2.522132 0.191979 0.796455 -0.108887 0.562980
1403638597.427830 8.100085 -3.279269 2.531551 0.185958 0.794359 -0.114682 0.566799
1403638597.527829 8.141914 -3.058263 2.537393 0.174104 0.789841 -0.123800 0.574902
1403638597.627830 8.181765 -2.827522 2.538107 0.164974 0.786461 -0.131233 0.580552
1403638597.727829 8.218582 -2.589674 2.533789 0.164623 0.785628 -0.131882 0.581631
1403638597.827830 8.253299 -2.344558 2.525389 0.169897 0.788218 -0.122132 0.578732
1403638597.927830 8.284918 -2.090174 2.512331 0.173997 0.790885 -0.110793 0.576151
1403638598.027829 8.315307 -1.825460 2.499914 0.171696 0.791864 -0.104273 0.576714
1403638598.127830 8.345040 -1.548827 2.494340 0.156188 0.792359 -0.108223 0.579707
1403638598.227829 8.369940 -1.263264 2.494565 0.135341 0.793346 -0.117859 0.581717
1403638598.327830 8.391908 -0.974386 2.496061 0.120934 0.795847 -0.125190 0.579940
1403638598.427830 8.412233 -0.686269 2.492928 0.113795 0.797811 -0.128748 0.577903
1403638598.527829 8.430923 -0.399108 2.485231 0.109923 0.799463 -0.128582 0.576405
1403638598.627830 8.446753 -0.113680 2.468467 0.105183 0.802680 -0.123545 0.573915
1403638598.727829 8.462722 0.169383 2.450229 0.099071 0.804502 -0.113275 0.574570
1403638598.827830 8.478279 0.450603 2.436202 0.090215 0.805674 -0.100564 0.576748
1403638598.927830 8.491733 0.729242 2.427548 0.080881 0.808257 -0.084965 0.577027
1403638599.027829 8.502645 1.006135 2.422716 0.068174 0.810129 -0.069241 0.578143
1403638599.127830 8.511799 1.281814 2.426032 0.057252 0.811395 -0.050999 0.579448
1403638599.227829 8.516454 1.556695 2.434205 0.045686 0.813002 -0.032432 0.579559
1403638599.327830 8.521095 1.805525 2.444808 0.030960 0.815229 -0.013250 0.578159
1403638599.427830 8.520210 2.073773 2.466058 0.021555 0.818081 0.003256 0.574690
1403638599.527829 8.519497 2.339635 2.489551 0.014544 0.820286 0.014416 0.571587
1403638599.627830 8.518158 2.602653 2.507710 0.008512 0.821991 0.019813 0.569093
1403638599.727829 8.515031 2.862847 2.516970 0.006118 0.823236 0.023155 0.567193
1403638599.827830 8.514419 3.120577 2.518559 0.004772 0.823928 0.022480 0.566228
1403638599.927830 8.515553 3.375379 2.515174 0.001695 0.825207 0.018877 0.564512
1403638600.027829 8.519710 3.627684 2.507430 -0.003559 0.824643 0.012482 0.565505
1403638600.127830 8.528040 3.875797 2.496375 -0.012047 0.826786 0.003164 0.562379
1403638600.227829 8.538656 4.117385 2.481254 -0.024093 0.829621 -0.008419 0.557743
1403638600.327830 8.551978 4.349480 2.461636 -0.033067 0.831361 -0.017927 0.554458
1403638600.427830 8.570399 4.569563 2.444489 -0.041014 0.832636 -0.026214 0.551677
1403638600.527829 8.593760 4.774587 2.435307 -0.042301 0.833386 -0.029020 0.550305
1403638600.627830 8.622665 4.964365 2.434969 -0.041913 0.834727 -0.030387 0.548225
1403638600.727829 8.657211 5.139546 2.439698 -0.042359 0.836845 -0.031669 0.544880
1403638600.827830 8.697586 5.300566 2.448270 -0.038675 0.840719 -0.028642 0.539328
1403638600.927830 8.743402 5.448693 2.463870 -0.023141 0.843911 -0.016181 0.535740
1403638601.027829 8.796430 5.588772 2.474555 -0.009677 0.844783 -0.005022 0.534998
1403638601.127830 8.856095 5.724653 2.479071 -0.003127 0.843605 0.000693 0.536954
1403638601.227829 8.922724 5.857406 2.479572 0.005556 0.840625 0.007998 0.541530
1403638601.327830 8.996297 5.989686 2.477309 0.011757 0.833240 0.014541 0.552596
1403638601.427830 9.073046 6.125124 2.474424 0.001192 0.828804 0.017058 0.559278
1403638601.527829 9.153402 6.261311 2.478565 -0.010633 0.824518 0.026647 0.565108
1403638601.627830 9.233648 6.397968 2.485810 -0.021522 0.821007 0.043526 0.568850
1403638601.727829 9.314775 6.534180 2.500954 -0.033596 0.818316 0.066540 0.569914
1403638601.827830 9.393751 6.671296 2.523496 -0.047000 0.813824 0.094174 0.571501
1403638601.927830 9.470125 6.809891 2.550301 -0.060832 0.809114 0.121673 0.571690
1403638602.027829 9.543750 6.948789 2.575127 -0.073731 0.806644 0.141784 0.569022
1403638602.127830 9.614677 7.087521 2.593690 -0.081904 0.803506 0.157120 0.568316
1403638602.227829 9.682057 7.227814 2.606224 -0.087447 0.797135 0.173878 0.571572
1403638602.327830 9.744360 7.371645 2.614633 -0.100782 0.788463 0.189927 0.576279
1403638602.427830 9.799562 7.518237 2.629223 -0.132910 0.772619 0.197581 0.588520
1403638602.527829 9.845173 7.661595 2.653996 -0.168562 0.748963 0.202696 0.607910
1403638602.627830 9.877826 7.793399 2.685521 -0.197847 0.731920 0.210705 0.617052
1403638602.727829 9.894655 7.908471 2.720957 -0.212974 0.725620 0.227585 0.613452
1403638602.827830 9.895403 8.006565 2.762274 -0.221165 0.721771 0.248785 0.606827
1403638602.927830 9.881177 8.088240 2.806485 -0.235280 0.720064 0.266901 0.595747
1403638603.027829 9.855224 8.156183 2.850000 -0.257128 0.718594 0.280550 0.582065
1403638603.127830 9.821438 8.209346 2.889059 -0.274005 0.710694 0.294538 0.577134
1403638603.227829 9.781359 8.246341 2.918059 -0.278556 0.709968 0.310526 0.567385
1403638603.327830 9.735607 8.268190 2.935691 -0.272508 0.721769 0.327379 0.545538
1403638603.427830 9.687443 8.280725 2.945637 -0.266834 0.732567 0.338659 0.526740
1403638603.527829 9.639911 8.287951 2.951592 -0.265029 0.736046 0.344064 0.519246
1403638603.627830 9.593570 8.292163 2.953544 -0.269586 0.729883 0.346429 0.524005
1403638603.727829 9.547765 8.292277 2.949001 -0.266824 0.721367 0.351397 0.533812
1403638603.827830 9.500004 8.288157 2.938419 -0.260830 0.713237 0.356845 0.543987
1403638603.927830 9.446271 8.280060 2.921070 -0.254265 0.705820 0.361461 0.553637
1403638604.027829 9.384319 8.267929 2.897951 -0.249057 0.700669 0.364143 0.560743
1403638604.127830 9.312732 8.253704 2.874495 -0.245724 0.697424 0.365889 0.565106
1403638604.227829 9.230091 8.237914 2.858829 -0.248833 0.698837 0.364377 0.562973
1403638604.327830 9.118417 8.336703 2.884927 -0.251231 0.707728 0.357226 0.555332
1403638604.427830 9.014005 8.324377 2.884412 -0.253308 0.715886 0.355675 0.544828
1403638604.527829 8.905435 8.311440 2.891925 -0.250151 0.723246 0.357448 0.535323
1403638604.627830 8.793918 8.297820 2.900249 -0.248989 0.726482 0.358140 0.531003
1403638604.727829 8.680660 8.282227 2.902082 -0.252962 0.729222 0.355359 0.527225
1403638604.827830 8.567028 8.264745 2.901508 -0.256129 0.731645 0.352941 0.523952
1403638604.927830 8.454046 8.243835 2.902331 -0.254479 0.735856 0.353916 0.518170
1403638605.027829 8.342789 8.221204 2.907702 -0.251560 0.743108 0.355931 0.507761
1403638605.127830 8.234281 8.197699 2.921542 -0.248719 0.748530 0.357881 0.499763
1403638605.227829 8.132714 8.175817 2.942183 -0.245721 0.750363 0.360054 0.496928
1403638605.327830 8.037483 8.158008 2.960801 -0.241098 0.749275 0.363504 0.498320
1403638605.427830 7.946381 8.147317 2.975670 -0.234386 0.741587 0.368721 0.509075
1403638605.527829 7.856985 8.139462 2.985578 -0.228426 0.731337 0.373430 0.522989
1403638605.627830 7.765055 8.135457 2.989526 -0.222345 0.723884 0.378037 0.532581
1403638605.727829 7.667678 8.135356 2.991484 -0.219684 0.720571 0.380314 0.536543
1403638605.827830 7.562863 8.142106 3.002258 -0.218238 0.721118 0.381175 0.535785
1403638605.927830 7.452320 8.153695 3.020130 -0.215500 0.720553 0.382876 0.536441
1403638606.027829 7.336318 8.174042 3.042992 -0.211441 0.719865 0.384583 0.537758
1403638606.127830 7.213153 8.197686 3.058575 -0.208662 0.719977 0.385627 0.537946
1403638606.227829 7.082429 8.228299 3.068907 -0.205543 0.720160 0.387058 0.537873
1403638606.327830 6.944130 8.261968 3.067813 -0.206922 0.724078 0.385308 0.533321
1403638606.427830 6.800665 8.304620 3.061857 -0.213870 0.734348 0.379499 0.520551
1403638606.527829 6.654708 8.349421 3.045178 -0.222581 0.744855 0.372733 0.506673
1403638606.627830 6.510492 8.400097 3.023961 -0.228215 0.750840 0.371497 0.496132
1403638606.727829 6.369479 8.456282 2.996613 -0.232420 0.752143 0.378105 0.487133
1403638606.827830 6.233858 8.521890 2.969712 -0.239097 0.749572 0.389350 0.478938
1403638606.927830 6.104571 8.595606 2.944940 -0.248890 0.743532 0.403777 0.471358
1403638607.027829 5.982265 8.677769 2.926999 -0.262266 0.735299 0.418769 0.463879
1403638607.127830 5.866848 8.765256 2.918431 -0.279139 0.727727 0.428360 0.457169
1403638607.227829 5.759720 8.858550 2.916912 -0.293688 0.715045 0.434610 0.462138
1403638607.327830 5.659416 8.954387 2.911806 -0.306681 0.703258 0.436764 0.469694
1403638607.427830 5.564198 9.051335 2.898777 -0.316035 0.696667 0.437484 0.472636
1403638607.527829 5.472906 9.145916 2.877242 -0.320483 0.695742 0.438198 0.470336
1403638607.627830 5.378922 9.239800 2.821261 -0.321616 0.694210 0.439067 0.471016
1403638607.727829 5.261664 9.341586 2.788590 -0.321092 0.691811 0.439326 0.474648
1403638607.827830 5.179470 9.430498 2.752280 -0.320459 0.692439 0.439048 0.474417
1403638607.927830 5.101241 9.517890 2.711785 -0.322809 0.696665 0.435645 0.469750
1403638608.027829 5.028089 9.603156 2.666588 -0.325038 0.698383 0.432043 0.468989
1403638608.127830 4.961186 9.686364 2.617848 -0.323480 0.695779 0.431069 0.474796
1403638608.227829 4.898859 9.767196 2.564899 -0.319951 0.691808 0.431621 0.482427
1403638608.327830 4.838549 9.843716 2.506813 -0.319920 0.686864 0.430161 0.490745
1403638608.427830 4.779386 9.916518 2.444539 -0.320455 0.683316 0.429356 0.496025
1403638608.527829 4.720480 9.983324 2.374303 -0.318787 0.685205 0.430080 0.493862
1403638608.627830 4.662359 10.045642 2.303570 -0.320976 0.684420 0.427713 0.495586
1403638608.727829 4.604181 10.101401 2.237025 -0.324872 0.681623 0.425493 0.498803
1403638608.827830 4.545099 10.149777 2.175328 -0.323249 0.684313 0.426862 0.494990
1403638608.927830 4.487996 10.192627 2.119412 -0.321569 0.688223 0.428231 0.489450
1403638609.027829 4.431240 10.229380 2.071953 -0.321764 0.691920 0.428414 0.483918
1403638609.127830 4.377764 10.262943 2.031422 -0.320649 0.693423 0.429142 0.481857
1403638609.227829 4.327080 10.292486 1.994361 -0.327462 0.693440 0.424258 0.481575
1403638609.327830 4.279454 10.317040 1.952202 -0.331327 0.693823 0.421227 0.481041
1403638609.427830 4.236020 10.336581 1.902398 -0.328247 0.693743 0.423171 0.481561
1403638609.527829 4.194643 10.351540 1.847234 -0.324551 0.693798 0.425321 0.482092
1403638609.627830 4.157715 10.363769 1.783851 -0.322633 0.693760 0.426237 0.482625
1403638609.727829 4.121484 10.373544 1.718559 -0.319631 0.692579 0.428428 0.484376
1403638609.827830 4.088831 10.382306 1.655026 -0.320100 0.693527 0.428130 0.482972
1403638609.927830 4.057132 10.387995 1.602099 -0.320306 0.693126 0.427884 0.483628
1403638610.027829 4.030368 10.392439 1.554416 -0.322587 0.691937 0.426252 0.485252
1403638610.127830 4.003192 10.391816 1.516557 -0.325678 0.689087 0.423955 0.489238
1403638610.227829 3.977580 10.386758 1.478241 -0.326978 0.686318 0.422950 0.493119
1403638610.327830 3.953397 10.377173 1.433823 -0.328189 0.685433 0.421714 0.494601
1403638610.427830 3.935033 10.366173 1.381440 -0.329449 0.685073 0.420453 0.495336
1403638610.527829 3.913411 10.346368 1.327036 -0.329047 0.682117 0.420389 0.499717
1403638610.627830 3.891551 10.319867 1.270971 -0.334587 0.674948 0.416399 0.509027
1403638610.727829 3.867711 10.283807 1.215461 -0.334873 0.675636 0.416675 0.507698
1403638610.827830 3.842664 10.238747 1.164036 -0.331751 0.682928 0.420098 0.497059
1403638610.927830 3.821854 10.191853 1.122515 -0.330155 0.685850 0.422686 0.491878
1403638611.027829 3.804039 10.142142 1.084409 -0.332859 0.684847 0.420890 0.492993
1403638611.127830 3.785952 10.085478 1.043269 -0.335332 0.682206 0.419887 0.495825
1403638611.227829 3.767868 10.022039 0.998057 -0.335168 0.681651 0.420858 0.495876
1403638611.327830 3.751861 9.953700 0.955520 -0.332483 0.680998 0.423243 0.496551
1403638611.427830 3.734759 9.877046 0.919234 -0.321805 0.676383 0.430378 0.503708
1403638611.527829 3.717231 9.800392 0.888667 -0.311039 0.673551 0.437358 0.508234
1403638611.627830 3.694206 9.721305 0.863922 -0.305814 0.675474 0.439972 0.506595
1403638611.727829 3.666165 9.642297 0.840379 -0.307738 0.679646 0.438269 0.501296
1403638611.827830 3.636240 9.565012 0.809220 -0.314171 0.685476 0.433320 0.493612
1403638611.927830 3.604124 9.482010 0.776147 -0.317891 0.690245 0.429780 0.487643
1403638612.027829 3.573507 9.399700 0.740486 -0.319569 0.692954 0.428175 0.484103
1403638612.127830 3.543784 9.314778 0.713313 -0.320981 0.694846 0.426572 0.481869
1403638612.227829 3.517315 9.231883 0.691872 -0.320160 0.695419 0.426755 0.481424
1403638612.327830 3.494121 9.148149 0.681490 -0.319597 0.695080 0.427030 0.482045
1403638612.427830 3.473318 9.065172 0.670497 -0.318736 0.694108 0.426855 0.484166
1403638612.527829 3.454178 8.979789 0.656099 -0.316723 0.692108 0.426765 0.488411
1403638612.627830 3.435723 8.894356 0.632887 -0.311937 0.690433 0.428643 0.492202
1403638612.727829 3.416733 8.810307 0.603383 -0.307614 0.688764 0.429787 0.496247
1403638612.827830 3.396525 8.724305 0.572243 -0.306650 0.687835 0.428174 0.499515
1403638612.927830 3.371861 8.638869 0.540970 -0.307592 0.687500 0.425807 0.501418
1403638613.027829 3.346064 8.552855 0.517647 -0.307464 0.689976 0.424817 0.498929
1403638613.127830 3.315969 8.467811 0.499726 -0.307716 0.691476 0.423875 0.497496
1403638613.227829 3.284694 8.382527 0.489362 -0.307609 0.693326 0.423632 0.495189
1403638613.327830 3.254169 8.297156 0.488849 -0.306594 0.693918 0.424152 0.494543
1403638613.427830 3.219905 8.214639 0.486309 -0.305783 0.693375 0.424655 0.495374
1403638613.527829 3.187938 8.130488 0.484341 -0.306880 0.693300 0.421193 0.497752
1403638613.627830 3.155697 8.047181 0.476019 -0.308718 0.694925 0.415002 0.499546
1403638613.727829 3.120521 7.964858 0.457722 -0.312592 0.694076 0.408445 0.503703
1403638613.827830 3.087111 7.878220 0.435436 -0.312380 0.694608 0.401092 0.508983
1403638613.927830 2.998853 7.707261 0.345868 -0.307501 0.697826 0.391286 0.515147
1403638614.027829 2.959507 7.604210 0.308401 -0.296935 0.704956 0.380566 0.519650
1403638614.127830 2.919343 7.497714 0.266627 -0.283985 0.714519 0.367552 0.523183
1403638614.227829 2.878326 7.387890 0.228115 -0.270497 0.724503 0.354253 0.525768
1403638614.327830 2.835560 7.276681 0.194360 -0.260686 0.732416 0.342989 0.527226
1403638614.427830 2.791864 7.165223 0.168143 -0.255507 0.738233 0.333312 0.527856
1403638614.527829 2.747287 7.052571 0.150735 -0.252633 0.742671 0.325173 0.528090
1403638614.627830 2.703148 6.938446 0.139432 -0.249181 0.747143 0.315130 0.529508
1403638614.727829 2.661955 6.824009 0.137127 -0.246902 0.754631 0.300903 0.528231
1403638614.827830 2.621827 6.705105 0.143205 -0.241922 0.765242 0.283857 0.524694
1403638614.927830 2.585192 6.582600 0.157625 -0.231438 0.775499 0.266198 0.523619
1403638615.027829 2.555552 6.457115 0.176094 -0.217099 0.784456 0.245518 0.526515
1403638615.127830 2.531186 6.327350 0.198619 -0.196827 0.790795 0.224130 0.534479
1403638615.227829 2.510878 6.193716 0.229145 -0.172871 0.792697 0.203021 0.548206
1403638615.327830 2.493032 6.059006 0.259117 -0.151005 0.795627 0.178822 0.558746
1403638615.427830 2.475448 5.923770 0.283866 -0.130507 0.798991 0.152833 0.566766
1403638615.527829 2.458049 5.789181 0.302927 -0.111231 0.802861 0.127350 0.571685
1403638615.627830 2.439624 5.655728 0.317345 -0.096246 0.805268 0.106306 0.575308
1403638615.727829 2.420666 5.524185 0.336978 -0.086258 0.807117 0.091533 0.576839
1403638615.827830 2.399686 5.392979 0.360367 -0.079605 0.808293 0.080650 0.577772
1403638615.927830 2.376472 5.260919 0.386594 -0.074581 0.809250 0.068015 0.578728
1403638616.027829 2.352017 5.127823 0.407707 -0.066610 0.810806 0.056141 0.578796
1403638616.127830 2.326480 4.993496 0.421506 -0.057032 0.811690 0.043530 0.579665
1403638616.227829 2.351345 4.967939 0.478964 -0.043027 0.814725 0.025296 0.577695
1403638616.327830 2.329214 4.844163 0.464136 -0.030673 0.815618 0.006307 0.577742
1403638616.427830 2.306271 4.719671 0.437902 -0.017772 0.816214 -0.012648 0.577338
1403638616.527829 2.282404 4.596066 0.406759 -0.008301 0.816969 -0.028274 0.575928
1403638616.627830 2.258199 4.472761 0.372074 -0.000450 0.819875 -0.039237 0.571196
1403638616.727829 2.234430 4.349577 0.333377 0.001226 0.827019 -0.048904 0.560042
1403638616.827830 2.214548 4.225977 0.291241 -0.003519 0.834548 -0.058149 0.547846
1403638616.927830 2.201347 4.099097 0.253087 -0.003794 0.836623 -0.061006 0.544358
1403638617.027829 2.196598 3.967706 0.225373 0.003357 0.833425 -0.056199 0.549758
1403638617.127830 2.197700 3.834195 0.207242 0.010490 0.829625 -0.049457 0.556028
1403638617.227829 2.203057 3.700866 0.196595 0.014078 0.829526 -0.043883 0.556564
1403638617.327830 2.212206 3.568929 0.191291 0.013463 0.832787 -0.041075 0.551904
1403638617.427830 2.225825 3.438856 0.191662 0.014233 0.837001 -0.037557 0.545726
1403638617.527829 2.245159 3.310957 0.200270 0.014108 0.838805 -0.034377 0.543162
1403638617.627830 2.271073 3.185358 0.216199 0.014106 0.838358 -0.031609 0.544020
1403638617.727829 2.304753 3.061879 0.241938 0.015861 0.836658 -0.027413 0.546809
1403638617.827830 2.344518 2.941509 0.273631 0.016079 0.836524 -0.024682 0.547138
1403638617.927830 2.390017 2.824232 0.312268 0.014512 0.835322 -0.023551 0.549064
1403638618.027829 2.439531 2.710106 0.350010 0.013449 0.834865 -0.022383 0.549836
1403638618.127830 2.496020 2.599829 0.380941 0.011250 0.834921 -0.021825 0.549822
1403638618.227829 2.553718 2.490094 0.405868 0.010644 0.834682 -0.020658 0.550242
1403638618.327830 2.616099 2.383820 0.425497 0.010808 0.833944 -0.019055 0.551415
1403638618.427830 2.679787 2.279353 0.441423 0.010581 0.833833 -0.017973 0.551623
1403638618.527829 2.752147 2.180496 0.456521 0.009714 0.833219 -0.016712 0.552605
1403638618.627830 2.822813 2.080919 0.468348 0.012335 0.832848 -0.018557 0.553053
1403638618.727829 2.896750 1.983660 0.480345 0.016429 0.832596 -0.020796 0.553246
1403638618.827830 2.978349 1.892043 0.498653 0.017349 0.831288 -0.024580 0.555027
1403638618.927830 3.062766 1.803311 0.522107 0.021937 0.828586 -0.029816 0.558637
1403638619.027829 3.145474 1.793572 0.549736 0.032742 0.824443 -0.042295 0.563412
1403638619.127830 3.230534 1.714259 0.560913 0.046602 0.820730 -0.058056 0.566445
1403638619.227829 3.316083 1.637958 0.564232 0.060221 0.816977 -0.079694 0.567954
1403638619.327830 3.401195 1.564503 0.558687 0.075539 0.813199 -0.104504 0.567521
1403638619.427830 3.484611 1.494443 0.544751 0.088666 0.808467 -0.127825 0.567609
1403638619.527829 3.569595 1.430103 0.530040 0.096939 0.804352 -0.146208 0.567665
1403638619.627830 3.653342 1.367743 0.511408 0.099659 0.801244 -0.161692 0.567390
1403638619.727829 3.735720 1.306526 0.489925 0.094165 0.798437 -0.176559 0.567854
1403638619.827830 3.815382 1.243769 0.467373 0.091901 0.795495 -0.185551 0.569484
1403638619.927830 3.890480 1.177909 0.441872 0.092516 0.793925 -0.190594 0.569911
1403638620.027829 3.961926 1.108733 0.416255 0.095163 0.792612 -0.192570 0.570638
1403638620.127830 4.027246 1.034945 0.392750 0.098601 0.789830 -0.192649 0.573875
1403638620.227829 4.088114 0.959335 0.379515 0.101380 0.787530 -0.192070 0.576739
1403638620.327830 4.141076 0.880693 0.370733 0.105406 0.789224 -0.189594 0.574517
1403638620.427830 4.189320 0.801828 0.373406 0.106705 0.790288 -0.187880 0.573376
1403638620.527829 4.231986 0.720817 0.375547 0.107317 0.791584 -0.185715 0.572178
1403638620.627830 4.273254 0.639962 0.379496 0.105422 0.793720 -0.184951 0.569814
1403638620.727829 4.309470 0.556951 0.371711 0.101525 0.796926 -0.185591 0.565825
1403638620.827830 4.343220 0.472593 0.359075 0.100179 0.799992 -0.184137 0.562202
1403638620.927830 4.376846 0.387134 0.348569 0.105136 0.801844 -0.178113 0.560597
1403638621.027829 4.408364 0.300396 0.330109 0.109809 0.801109 -0.172242 0.562582
1403638621.127830 4.439194 0.215047 0.316923 0.110421 0.799931 -0.169161 0.565069
1403638621.227829 4.469023 0.130952 0.306565 0.110091 0.798396 -0.166802 0.567997
1403638621.327830 4.500169 0.048002 0.308059 0.111576 0.798867 -0.163750 0.567933
1403638621.427830 4.528832 -0.032833 0.304124 0.111478 0.797697 -0.161680 0.570185
1403638621.527829 4.555051 -0.111211 0.294358 0.112370 0.795699 -0.159234 0.573481
1403638621.627830 4.580488 -0.186477 0.283440 0.112158 0.794029 -0.157675 0.576261
1403638621.727829 4.601926 -0.258957 0.263809 0.112353 0.793189 -0.156624 0.577665
1403638621.827830 4.620537 -0.328911 0.244785 0.113733 0.790909 -0.154883 0.580980
1403638621.927830 4.633708 -0.395490 0.218650 0.115127 0.787488 -0.153287 0.585757
1403638622.027829 4.642717 -0.458203 0.189194 0.114285 0.785956 -0.153360 0.587956
1403638622.127830 4.647985 -0.517052 0.159648 0.111581 0.786607 -0.155421 0.587063
1403638622.227829 4.647350 -0.572602 0.126321 0.109140 0.786927 -0.157163 0.586630
1403638622.327830 4.641327 -0.625503 0.098362 0.106836 0.786897 -0.159171 0.586552
1403638622.427830 4.628253 -0.676023 0.078774 0.109230 0.787774 -0.158579 0.585092
1403638622.527829 4.535087 -0.538238 0.150067 0.115325 0.787852 -0.159029 0.583695
1403638622.627830 4.509875 -0.571206 0.147924 0.120244 0.786325 -0.156486 0.585446
1403638622.727829 4.480786 -0.599728 0.157740 0.123307 0.778266 -0.154609 0.595981
1403638622.827830 4.445888 -0.623893 0.176662 0.125239 0.768607 -0.154070 0.608129
1403638622.927830 4.405022 -0.641922 0.197229 0.124557 0.768707 -0.155055 0.607892
1403638623.027829 4.356068 -0.653678 0.215174 0.121791 0.774920 -0.157987 0.599756
1403638623.127830 4.297279 -0.661089 0.224685 0.117742 0.780633 -0.161639 0.592134
1403638623.227829 4.231733 -0.664003 0.230405 0.113592 0.783717 -0.164457 0.588080
1403638623.327830 4.160546 -0.664597 0.230511 0.110996 0.787194 -0.166215 0.583419
1403638623.427830 4.085766 -0.663668 0.226154 0.111155 0.789945 -0.166386 0.579609
1403638623.527829 4.008121 -0.661607 0.220188 0.109679 0.790504 -0.167120 0.578917
1403638623.627830 3.927042 -0.659969 0.220067 0.112525 0.789907 -0.165866 0.579546
1403638623.727829 3.841518 -0.652913 0.227738 0.114104 0.790667 -0.165413 0.578329
1403638623.827830 3.751813 -0.643558 0.240690 0.115885 0.791498 -0.165241 0.576886
1403638623.927830 3.657630 -0.636592 0.254712 0.117473 0.793209 -0.165919 0.574013
1403638624.027829 3.561627 -0.621567 0.264247 0.117518 0.793832 -0.166971 0.572836
1403638624.127830 3.464435 -0.610969 0.267120 0.115324 0.794260 -0.169884 0.571832
1403638624.227829 3.365767 -0.596132 0.265502 0.112799 0.794063 -0.172746 0.571751
1403638624.327830 3.266108 -0.584638 0.259520 0.111771 0.793298 -0.174764 0.572401
1403638624.427830 3.165558 -0.573312 0.248762 0.111740 0.793017 -0.176102 0.572386
1403638624.527829 3.063722 -0.553766 0.236558 0.110791 0.789652 -0.178496 0.576467
1403638624.627830 2.959558 -0.542261 0.220893 0.108441 0.779887 -0.180935 0.589304
1403638624.727829 2.850341 -0.527187 0.205134 0.112932 0.782382 -0.174304 0.587148
1403638624.827830 2.736697 -0.510319 0.195205 0.116130 0.789320 -0.164787 0.579943
1403638624.927830 2.618978 -0.494495 0.192123 0.113491 0.793830 -0.159423 0.575793
1403638625.027829 2.500668 -0.471282 0.195848 0.106453 0.795216 -0.157827 0.575664
1403638625.127830 2.381379 -0.453234 0.193801 0.098267 0.796226 -0.158432 0.575559
1403638625.227829 2.261544 -0.433252 0.189110 0.094305 0.797240 -0.157587 0.575049
1403638625.327830 2.141095 -0.417015 0.179711 0.093046 0.797557 -0.156151 0.575206
1403638625.427830 2.020716 -0.400479 0.175329 0.092736 0.797277 -0.154994 0.575956
1403638625.527829 1.899314 -0.386870 0.174979 0.092720 0.797084 -0.154510 0.576356
1403638625.627830 1.777662 -0.374567 0.180351 0.093251 0.798560 -0.154325 0.574273
1403638625.727829 1.656851 -0.362385 0.194469 0.092218 0.801350 -0.155170 0.570312
1403638625.827830 1.535752 -0.352511 0.203149 0.091439 0.805706 -0.156218 0.563980
1403638625.927830 1.417264 -0.344589 0.212014 0.092748 0.806586 -0.156023 0.562560
1403638626.027829 1.300360 -0.339644 0.217303 0.092713 0.807298 -0.157112 0.561240
1403638626.127830 1.185539 -0.336700 0.219186 0.090978 0.807799 -0.159043 0.560258
1403638626.227829 1.072934 -0.336000 0.213867 0.092582 0.807654 -0.158445 0.560374
1403638626.327830 0.961511 -0.336154 0.201356 0.098947 0.805754 -0.154570 0.563097
1403638626.427830 0.852292 -0.336263 0.186299 0.104595 0.803623 -0.150437 0.566232
1403638626.527829 0.745690 -0.339250 0.176543 0.106005 0.805005 -0.149070 0.564366
1403638626.627830 0.639518 -0.336835 0.158190 0.104755 0.807088 -0.149835 0.561414
1403638626.727829 0.535972 -0.333171 0.141978 0.103004 0.809924 -0.150596 0.557435
1403638626.827830 0.437935 -0.330858 0.134327 0.101300 0.813097 -0.151619 0.552832
1403638626.927830 0.345335 -0.327905 0.134149 0.101262 0.815375 -0.151153 0.549602
1403638627.027829 0.258303 -0.326833 0.139062 0.100650 0.815452 -0.150975 0.549649
1403638627.127830 0.175304 -0.324337 0.138569 0.099902 0.815242 -0.150803 0.550145
1403638627.227829 0.096314 -0.322480 0.134570 0.099293 0.815131 -0.150604 0.550474
1403638627.327830 0.021414 -0.321252 0.127920 0.101912 0.815170 -0.148342 0.550550
1403638627.427830 -0.049097 -0.322127 0.119641 0.103131 0.815137 -0.147350 0.550640
1403638627.527829 -0.115456 -0.321227 0.107902 0.102815 0.814798 -0.147619 0.551127
1403638627.627830 -0.178308 -0.319841 0.095635 0.106074 0.812746 -0.146093 0.553939
1403638627.727829 -0.237785 -0.317930 0.082797 0.107002 0.809672 -0.145816 0.558319
1403638627.827830 -0.294443 -0.316240 0.069458 0.108191 0.808464 -0.145563 0.559904
1403638627.927830 -0.349631 -0.311432 0.054821 0.108959 0.809616 -0.145535 0.558094
1403638628.027829 -0.403014 -0.305118 0.040561 0.110141 0.811174 -0.145486 0.555607
1403638628.127830 -0.454381 -0.296853 0.028195 0.110693 0.812117 -0.146032 0.553975
1403638628.227829 -0.502160 -0.288558 0.018346 0.111001 0.812248 -0.146717 0.553540
1403638628.327830 -0.547148 -0.277474 0.010249 0.110594 0.812891 -0.147866 0.552370
1403638628.427830 -0.587733 -0.266108 0.004903 0.108045 0.812553 -0.149954 0.552809
1403638628.527829 -0.625806 -0.252529 0.002582 0.099754 0.806642 -0.156201 0.561230
1403638628.627830 -0.663390 -0.239407 0.003047 0.093510 0.799777 -0.160810 0.570747
1403638628.727829 -0.700699 -0.231128 0.002253 0.090864 0.799440 -0.162508 0.571166
1403638628.827830 -0.739916 -0.224549 -0.004608 0.094333 0.801071 -0.160523 0.568876
1403638628.927830 -0.780323 -0.219989 -0.016233 0.098744 0.801167 -0.158135 0.568660
1403638629.027829 -0.816198 -0.216864 -0.029844 0.103744 0.802216 -0.154737 0.567224
1403638629.127830 -0.856161 -0.212565 -0.038911 0.107097 0.803699 -0.151978 0.565244
1403638629.227829 -0.895506 -0.207130 -0.045443 0.108765 0.804744 -0.150488 0.563836
1403638629.327830 -0.934556 -0.200563 -0.049590 0.109947 0.805734 -0.149826 0.562367
1403638629.427830 -0.973350 -0.191994 -0.051961 0.109425 0.809825 -0.150794 0.556301
1403638629.527829 -1.008430 -0.182445 -0.056273 0.106499 0.814609 -0.153378 0.549132
1403638629.627830 -1.038277 -0.172404 -0.060185 0.099330 0.815005 -0.158760 0.548357
1403638629.727829 -1.064118 -0.163807 -0.062565 0.089161 0.811012 -0.166307 0.553762
1403638629.827830 -0.575184 -0.209627 -0.059195 0.086615 0.805654 -0.170513 0.560664
1403638629.927830 -0.571869 -0.210945 -0.062374 0.091848 0.799507 -0.167803 0.569381
1403638630.027829 -0.572548 -0.211276 -0.073781 0.102961 0.793650 -0.160577 0.577697
1403638630.127830 -0.573501 -0.212342 -0.097687 0.109683 0.794047 -0.156008 0.577166
1403638630.227829 -0.575437 -0.213445 -0.129475 0.112238 0.798159 -0.153980 0.571520
1403638630.327830 -0.578481 -0.213239 -0.167282 0.114527 0.804822 -0.153588 0.561743
1403638630.427830 -0.569429 -0.209922 -0.169488 0.099735 0.810963 -0.160067 0.553868
1403638630.527829 -0.558302 -0.209456 -0.161555 0.108948 0.801478 -0.152649 0.567857
1403638630.627830 -0.548461 -0.208299 -0.173842 0.109720 0.800678 -0.152974 0.568749
1403638630.727829 -0.543625 -0.210447 -0.192148 0.099835 0.826954 -0.146398 0.533617
1403638630.827830 -0.551582 -0.214136 -0.196801 0.104213 0.824391 -0.148328 0.536207
1403638630.927830 -0.557321 -0.212999 -0.202138 0.103236 0.825254 -0.146539 0.535560
1403638631.027829 -0.563612 -0.211887 -0.207254 0.102754 0.825471 -0.146821 0.535241
1403638631.127830 -0.570099 -0.211221 -0.212106 0.102315 0.825504 -0.147175 0.535177
1403638631.227829 -0.576978 -0.210716 -0.216507 0.102486 0.825517 -0.147048 0.535159
1403638631.327830 -0.583348 -0.210261 -0.220555 0.102488 0.825410 -0.147116 0.535305
1403638631.427830 -0.590143 -0.209687 -0.224627 0.102701 0.825429 -0.146960 0.535278
1403638631.527829 -0.596796 -0.209198 -0.228401 0.102724 0.825521 -0.147071 0.535100
1403638631.627830 -0.603401 -0.208774 -0.232102 0.102957 0.825599 -0.146924 0.534975
