1403638522.827830 0.055182 0.043040 0.183652 -0.042416 0.815973 0.030578 0.575721
1403638522.927830 0.031516 0.013986 0.320331 -0.053087 0.811340 0.009006 0.582090
1403638523.027829 0.033608 0.007273 0.361392 -0.066408 0.808295 0.011623 0.584905
1403638523.127830 0.033133 0.001564 0.385971 -0.069212 0.806660 0.013918 0.586784
1403638523.227829 0.029631 -0.003893 0.388974 -0.062745 0.804220 0.012489 0.590879
1403638523.327830 0.025943 -0.008046 0.368517 -0.050226 0.799493 0.010174 0.598486
1403638523.427830 0.023810 -0.011649 0.332008 -0.046824 0.798439 0.010872 0.600154
1403638523.527829 0.020731 -0.016349 0.284940 -0.038918 0.804095 0.013253 0.593078
1403638523.627830 0.016432 -0.024033 0.233263 -0.031913 0.814708 0.017080 0.578741
1403638523.727829 0.011892 -0.029662 0.184557 -0.026831 0.821226 0.019595 0.569634
1403638523.827830 0.006930 -0.033972 0.139389 -0.024844 0.823240 0.022387 0.566707
1403638523.927830 0.001446 -0.040438 0.099333 -0.017520 0.823046 0.026490 0.567086
1403638524.027829 -0.004507 -0.046401 0.075303 -0.012722 0.825035 0.036811 0.563737
1403638524.127830 -0.006498 -0.047956 0.078321 -0.013676 0.828394 0.048174 0.557904
1403638524.227829 -0.006787 -0.047320 0.110370 -0.024190 0.830604 0.055795 0.553533
1403638524.327830 -0.005796 -0.047390 0.159772 -0.034326 0.829704 0.056846 0.554240
1403638524.427830 -0.001531 -0.046566 0.217563 -0.042848 0.824959 0.054462 0.560928
1403638524.527829 0.003976 -0.045014 0.277993 -0.047857 0.816628 0.053370 0.572696
1403638524.627830 0.010967 -0.042234 0.335415 -0.048289 0.808605 0.049538 0.584271
1403638524.727829 0.017764 -0.037816 0.383087 -0.039745 0.803793 0.044372 0.591920
1403638524.827830 0.022570 -0.033083 0.416257 -0.028249 0.801519 0.039641 0.595984
1403638524.927830 0.025926 -0.028602 0.435091 -0.033658 0.800814 0.040534 0.596592
1403638525.027829 0.026597 -0.026697 0.434520 -0.039093 0.798914 0.044761 0.598502
1403638525.127830 0.028507 -0.024703 0.410694 -0.034683 0.796618 0.048561 0.601530
1403638525.227829 0.030522 -0.024526 0.369967 -0.033526 0.797095 0.053737 0.600523
1403638525.327830 0.030124 -0.024665 0.319042 -0.034709 0.803221 0.058994 0.591736
1403638525.427830 0.027660 -0.023904 0.265303 -0.039746 0.814795 0.062753 0.574970
1403638525.527829 0.025580 -0.024015 0.215892 -0.047857 0.826367 0.063221 0.557522
1403638525.627830 0.024322 -0.025644 0.173116 -0.050490 0.832374 0.061007 0.548528
1403638525.727829 0.024022 -0.029413 0.138901 -0.048919 0.833487 0.056723 0.547439
1403638525.827830 0.024327 -0.029603 0.113135 -0.044347 0.830494 0.050495 0.552958
1403638525.927830 0.023358 -0.032720 0.095546 -0.035384 0.827649 0.047531 0.558110
1403638526.027829 0.021277 -0.046624 0.089264 -0.029206 0.828004 0.047140 0.557973
1403638526.127830 0.015790 -0.073108 0.094182 -0.028427 0.831360 0.042367 0.553388
1403638526.227829 0.012317 -0.105967 0.105205 -0.026565 0.832888 0.033235 0.551804
1403638526.327830 0.006606 -0.144114 0.119247 -0.023316 0.830489 0.024432 0.556011
1403638526.427830 -0.001014 -0.187258 0.132720 -0.021152 0.826000 0.014893 0.563075
1403638526.527829 -0.010702 -0.234583 0.142998 -0.020137 0.821430 0.003061 0.569946
1403638526.627830 -0.020818 -0.288888 0.150041 -0.017973 0.816352 -0.006469 0.577239
1403638526.727829 -0.033043 -0.350283 0.155499 -0.012696 0.812566 -0.013659 0.582571
1403638526.827830 -0.048039 -0.415549 0.159381 -0.001683 0.810338 -0.017765 0.585691
1403638526.927830 -0.063914 -0.479169 0.162119 0.002679 0.811463 -0.021713 0.583994
1403638527.027829 -0.077970 -0.539630 0.164500 0.007962 0.815921 -0.031056 0.577273
1403638527.127830 -0.089193 -0.595157 0.168325 0.015188 0.819844 -0.045437 0.570579
1403638527.227829 -0.098148 -0.642050 0.174317 0.023892 0.819410 -0.060200 0.569537
1403638527.327830 -0.100017 -0.675346 0.180529 0.037484 0.815220 -0.071348 0.573516
1403638527.427830 -0.095311 -0.688448 0.184676 0.049823 0.811103 -0.076738 0.577703
1403638527.527829 -0.085740 -0.678800 0.185773 0.054774 0.810003 -0.078422 0.578571
1403638527.627830 -0.065937 -0.644112 0.182594 0.050176 0.814713 -0.074393 0.572879
1403638527.727829 -0.050823 -0.599605 0.181680 0.045912 0.815698 -0.067219 0.572722
1403638527.827830 -0.034772 -0.546050 0.182748 0.035932 0.818307 -0.061152 0.570388
1403638527.927830 -0.018933 -0.486894 0.187051 0.021368 0.820860 -0.056333 0.567943
1403638528.027829 -0.005160 -0.425931 0.192827 0.015589 0.819971 -0.050498 0.569960
1403638528.127830 0.018774 -0.373229 0.189005 0.004875 0.816717 -0.040996 0.575559
1403638528.227829 0.036186 -0.319059 0.186183 -0.004797 0.817384 -0.032093 0.575178
1403638528.327830 0.062723 -0.272011 0.179484 -0.014447 0.818755 -0.022876 0.573505
1403638528.427830 0.093707 -0.239254 0.173495 -0.015748 0.817130 -0.017886 0.575961
1403638528.527829 0.128954 -0.215570 0.168241 -0.013221 0.817779 -0.018229 0.575092
1403638528.627830 0.165223 -0.196626 0.165645 -0.013095 0.820203 -0.025954 0.571334
1403638528.727829 0.199306 -0.183049 0.166687 -0.010751 0.820525 -0.031985 0.570614
1403638528.827830 0.222796 -0.173137 0.171177 -0.008327 0.819801 -0.038545 0.571289
1403638528.927830 0.229674 -0.166052 0.180928 -0.013952 0.819160 -0.046847 0.571478
1403638529.027829 0.219981 -0.157776 0.196795 -0.019006 0.819940 -0.051464 0.569815
1403638529.127830 0.196338 -0.147631 0.211613 -0.007946 0.820665 -0.048259 0.569312
1403638529.227829 0.163505 -0.130116 0.215988 0.008333 0.821901 -0.041445 0.568059
1403638529.327830 0.127548 -0.111226 0.210428 0.016592 0.825105 -0.036530 0.563553
1403638529.427830 0.092678 -0.089447 0.192718 0.019265 0.832759 -0.033224 0.552302
1403638529.527829 0.065476 -0.075688 0.171085 0.015861 0.843776 -0.031162 0.535555
1403638529.627830 0.042734 -0.064920 0.145432 0.017489 0.850997 -0.028017 0.524132
1403638529.727829 0.026471 -0.063018 0.118809 0.017673 0.850606 -0.026157 0.524855
1403638529.827830 0.017520 -0.054352 0.096356 0.016823 0.844454 -0.027480 0.534659
1403638529.927830 0.012211 -0.047202 0.077744 0.017342 0.839433 -0.028534 0.542437
1403638530.027829 0.014724 -0.043275 0.064058 0.018480 0.839060 -0.029389 0.542931
1403638530.127830 0.024698 -0.041924 0.053982 0.019059 0.841331 -0.031910 0.539240
1403638530.227829 0.039373 -0.042698 0.044049 0.021436 0.841878 -0.037805 0.537916
1403638530.327830 0.053709 -0.044865 0.033857 0.022903 0.841163 -0.044074 0.538496
1403638530.427830 0.066659 -0.048375 0.024884 0.026796 0.840536 -0.048500 0.538915
1403638530.527829 0.076939 -0.052230 0.018289 0.024892 0.840276 -0.052713 0.539015
1403638530.627830 0.082851 -0.056391 0.013297 0.027180 0.841432 -0.055541 0.536813
1403638530.727829 0.086392 -0.059086 0.008064 0.028055 0.845176 -0.058010 0.530589
1403638530.827830 0.089011 -0.061149 0.002810 0.028464 0.847183 -0.058837 0.527265
1403638530.927830 0.090888 -0.062102 -0.000883 0.026690 0.846080 -0.058575 0.529155
1403638531.027829 0.091637 -0.062093 -0.003537 0.025700 0.843304 -0.058655 0.533608
1403638531.127830 0.090994 -0.060945 -0.003705 0.028180 0.839653 -0.057401 0.539347
1403638531.227829 0.091554 -0.059658 -0.004404 0.030231 0.839393 -0.054595 0.539931
1403638531.327830 0.091495 -0.058330 -0.005231 0.030880 0.835923 -0.054793 0.545231
1403638531.427830 0.091509 -0.058429 -0.005420 0.031328 0.836918 -0.054054 0.543751
1403638531.527829 0.091136 -0.058493 -0.005347 0.030850 0.836127 -0.054568 0.544942
1403638531.627830 0.091078 -0.058616 -0.005399 0.031602 0.836169 -0.053679 0.544923
1403638531.727829 0.091074 -0.058600 -0.005447 0.031689 0.836239 -0.054244 0.544755
1403638531.827830 0.091130 -0.058619 -0.005480 0.031809 0.836185 -0.054472 0.544808
1403638531.927830 0.091140 -0.058599 -0.005502 0.031824 0.836103 -0.054738 0.544906
1403638532.027829 0.091163 -0.058589 -0.005545 0.031881 0.836035 -0.054972 0.544984
1403638532.127830 0.091215 -0.058638 -0.005542 0.032059 0.835954 -0.055172 0.545077
1403638532.227829 0.091168 -0.058662 -0.005553 0.032291 0.835983 -0.055076 0.545029
1403638532.327830 0.091202 -0.058739 -0.005539 0.032586 0.835872 -0.055161 0.545173
1403638532.427830 0.091188 -0.058787 -0.005537 0.032718 0.835838 -0.055162 0.545217
1403638532.527829 0.091194 -0.058814 -0.005538 0.032818 0.835793 -0.055261 0.545271
1403638532.627830 0.091211 -0.058841 -0.005556 0.032903 0.835763 -0.055367 0.545300
1403638532.727829 0.091205 -0.058841 -0.005569 0.032954 0.835712 -0.055448 0.545367
1403638532.827830 0.091225 -0.058850 -0.005554 0.032999 0.835670 -0.055531 0.545420
1403638532.927830 0.091204 -0.058855 -0.005559 0.033108 0.835649 -0.055520 0.545447
1403638533.027829 0.091215 -0.058890 -0.005549 0.033214 0.835592 -0.055591 0.545520
1403638533.127830 0.091210 -0.058906 -0.005547 0.033263 0.835566 -0.055636 0.545552
1403638533.227829 0.091208 -0.058925 -0.005562 0.033341 0.835522 -0.055696 0.545609
1403638533.327830 0.091221 -0.058935 -0.005551 0.033438 0.835467 -0.055740 0.545682
1403638533.427830 0.091205 -0.058944 -0.005568 0.033410 0.835446 -0.055785 0.545712
1403638533.527829 0.091220 -0.058957 -0.005558 0.033490 0.835402 -0.055825 0.545771
1403638533.627830 0.091223 -0.058984 -0.005552 0.033568 0.835375 -0.055819 0.545807
1403638533.727829 0.091200 -0.058981 -0.005555 0.033631 0.835383 -0.055853 0.545789
1403638533.827830 0.091214 -0.059007 -0.005556 0.033636 0.835308 -0.055939 0.545894
1403638533.927830 0.091259 -0.059004 -0.005608 0.033607 0.835349 -0.055826 0.545844
1403638534.027829 0.091226 -0.059009 -0.005602 0.033697 0.835308 -0.055988 0.545885
1403638534.127830 0.091208 -0.059020 -0.005567 0.033793 0.835328 -0.056144 0.545832
1403638534.227829 0.091192 -0.058993 -0.005555 0.033636 0.835307 -0.056176 0.545871
1403638534.327830 0.091218 -0.058961 -0.005531 0.033415 0.835373 -0.056098 0.545792
1403638534.427830 0.091207 -0.058935 -0.005545 0.033322 0.835482 -0.056104 0.545629
1403638534.527829 0.091196 -0.058982 -0.005530 0.033544 0.835489 -0.056355 0.545580
1403638534.627830 0.091223 -0.058949 -0.005492 0.033308 0.835563 -0.055924 0.545525
1403638534.727829 0.091242 -0.058939 -0.005498 0.033121 0.835570 -0.055668 0.545552
1403638534.827830 0.091232 -0.058947 -0.005492 0.033221 0.835531 -0.055751 0.545597
1403638534.927830 0.091204 -0.058992 -0.005507 0.033500 0.835543 -0.055958 0.545540
1403638535.027829 0.091211 -0.059013 -0.005495 0.033427 0.835567 -0.055913 0.545513
1403638535.127830 0.091203 -0.059010 -0.005483 0.033398 0.835605 -0.055846 0.545463
1403638535.227829 0.091195 -0.059018 -0.005495 0.033329 0.835587 -0.055848 0.545495
1403638535.327830 0.091198 -0.059024 -0.005484 0.033356 0.835574 -0.055888 0.545510
1403638535.427830 0.091197 -0.059001 -0.005461 0.033398 0.835555 -0.055830 0.545541
1403638535.527829 0.091211 -0.058989 -0.005456 0.033347 0.835524 -0.055860 0.545589
1403638535.627830 0.091208 -0.058975 -0.005468 0.033301 0.835566 -0.055791 0.545535
1403638535.727829 0.091209 -0.058976 -0.005462 0.033284 0.835555 -0.055817 0.545550
1403638535.827830 0.091211 -0.058981 -0.005464 0.033214 0.835549 -0.055780 0.545567
1403638535.927830 0.091199 -0.058967 -0.005470 0.033184 0.835559 -0.055803 0.545551
1403638536.027829 0.091202 -0.058978 -0.005460 0.033103 0.835554 -0.055786 0.545565
1403638536.127830 0.091205 -0.058969 -0.005456 0.033078 0.835549 -0.055799 0.545573
1403638536.227829 0.091222 -0.058972 -0.005439 0.033024 0.835531 -0.055787 0.545605
1403638536.327830 0.091223 -0.058971 -0.005450 0.033001 0.835439 -0.055755 0.545751
1403638536.427830 0.091222 -0.058969 -0.005450 0.033071 0.835419 -0.055815 0.545771
1403638536.527829 0.091223 -0.058973 -0.005436 0.033014 0.835432 -0.055754 0.545761
1403638536.627830 0.091209 -0.058955 -0.005440 0.033015 0.835388 -0.055831 0.545820
1403638536.727829 0.091214 -0.058969 -0.005443 0.033103 0.835383 -0.055778 0.545828
1403638536.827830 0.091212 -0.058994 -0.005450 0.033111 0.835364 -0.055830 0.545852
1403638536.927830 0.091210 -0.059015 -0.005445 0.033133 0.835325 -0.055843 0.545908
1403638537.027829 0.091217 -0.059008 -0.005433 0.033122 0.835366 -0.055816 0.545849
1403638537.127830 0.091225 -0.058980 -0.005435 0.033203 0.835354 -0.055743 0.545870
1403638537.227829 0.091228 -0.058962 -0.005417 0.033196 0.835355 -0.055806 0.545862
1403638537.327830 0.091238 -0.058954 -0.005417 0.033136 0.835318 -0.055780 0.545925
1403638537.427830 0.091241 -0.058943 -0.005421 0.033083 0.835308 -0.055737 0.545949
1403638537.527829 0.091249 -0.058927 -0.005402 0.033123 0.835314 -0.055691 0.545941
1403638537.627830 0.091250 -0.058921 -0.005372 0.033242 0.835336 -0.055598 0.545910
1403638537.727829 0.091250 -0.058959 -0.005363 0.033274 0.835406 -0.055632 0.545798
1403638537.827830 0.091246 -0.058929 -0.005340 0.033245 0.835363 -0.055629 0.545865
1403638537.927830 0.091268 -0.058921 -0.005356 0.033166 0.835331 -0.055574 0.545924
1403638538.027829 0.091262 -0.058939 -0.005298 0.033222 0.835399 -0.055623 0.545812
1403638538.127830 0.091250 -0.058940 -0.005281 0.033396 0.835285 -0.055614 0.545977
1403638538.227829 0.091267 -0.058924 -0.005304 0.033353 0.835321 -0.055619 0.545924
1403638538.327830 0.091247 -0.058925 -0.005329 0.033306 0.835361 -0.055511 0.545877
1403638538.427830 0.091326 -0.058901 -0.005244 0.033451 0.835194 -0.055597 0.546114
1403638538.527829 0.091295 -0.058945 -0.005142 0.033517 0.835148 -0.055694 0.546170
1403638538.627830 0.091243 -0.058979 -0.005047 0.033714 0.834953 -0.055796 0.546446
1403638538.727829 0.091206 -0.059044 -0.004932 0.033874 0.834647 -0.055746 0.546909
1403638538.827830 0.091975 -0.058887 -0.004796 0.033467 0.834126 -0.055293 0.547775
1403638538.927830 0.094227 -0.058673 -0.003106 0.033956 0.831168 -0.054821 0.552269
1403638539.027829 0.097638 -0.058520 0.000035 0.034879 0.826494 -0.055337 0.559133
1403638539.127830 0.103545 -0.058553 0.005922 0.034577 0.819917 -0.056705 0.568617
1403638539.227829 0.111414 -0.058179 0.017635 0.034352 0.815202 -0.056069 0.575432
1403638539.327830 0.119699 -0.057997 0.037168 0.033774 0.814335 -0.055760 0.576723
1403638539.427830 0.128483 -0.058340 0.063432 0.033509 0.815995 -0.054587 0.574500
1403638539.527829 0.138239 -0.059204 0.094292 0.032923 0.818014 -0.053299 0.571777
1403638539.627830 0.146700 -0.059695 0.126525 0.032070 0.818692 -0.052369 0.570940
1403638539.727829 0.155843 -0.060512 0.149066 0.031443 0.819334 -0.051375 0.570144
1403638539.827830 0.166231 -0.060824 0.160795 0.031267 0.820951 -0.050033 0.567942
1403638539.927830 0.178951 -0.060737 0.169032 0.029976 0.824817 -0.049359 0.562443
1403638540.027829 0.198004 -0.061580 0.174710 0.028591 0.830265 -0.049768 0.554405
1403638540.127830 0.217800 -0.063014 0.182209 0.028300 0.836103 -0.049586 0.545594
1403638540.227829 0.248574 -0.064351 0.188926 0.028620 0.836043 -0.048229 0.545791
1403638540.327830 0.285867 -0.065106 0.200170 0.029319 0.829814 -0.047199 0.555266
1403638540.427830 0.325942 -0.065747 0.209329 0.028621 0.825217 -0.043300 0.562426
1403638540.527829 0.370928 -0.066358 0.212977 0.023151 0.824740 -0.034676 0.563973
1403638540.627830 0.418354 -0.065169 0.217668 0.014392 0.824876 -0.020717 0.564751
1403638540.727829 0.467115 -0.062549 0.223708 0.007301 0.823985 0.000757 0.566564
1403638540.827830 0.517471 -0.057100 0.229197 -0.001618 0.823253 0.027135 0.567023
1403638540.927830 0.568670 -0.047584 0.232165 -0.013339 0.822162 0.055274 0.566407
1403638541.027829 0.621126 -0.033436 0.233466 -0.028258 0.820361 0.077835 0.565819
1403638541.127830 0.674393 -0.016173 0.232487 -0.040527 0.818011 0.094124 0.566000
1403638541.227829 0.728262 0.004639 0.226889 -0.048139 0.817122 0.105111 0.564753
1403638541.327830 0.782141 0.030229 0.224182 -0.052059 0.816526 0.110991 0.564142
1403638541.427830 0.835140 0.061809 0.227796 -0.054337 0.816590 0.112114 0.563613
1403638541.527829 0.886194 0.097724 0.236375 -0.052945 0.815344 0.112791 0.565411
1403638541.627830 0.940790 0.141571 0.253392 -0.053516 0.813769 0.114797 0.567220
1403638541.727829 0.994047 0.189793 0.276315 -0.060868 0.811942 0.119162 0.568195
1403638541.827830 1.046847 0.244855 0.307901 -0.072830 0.810914 0.125388 0.566914
1403638541.927830 1.094836 0.302228 0.340683 -0.084914 0.809767 0.137141 0.564144
1403638542.027829 1.140205 0.360761 0.367751 -0.098529 0.807946 0.153102 0.560423
1403638542.127830 1.186430 0.419636 0.388735 -0.112229 0.805020 0.172387 0.556444
1403638542.227829 1.231475 0.479455 0.403404 -0.128444 0.801086 0.193421 0.551682
1403638542.327830 1.277174 0.540760 0.412885 -0.142917 0.795889 0.216934 0.546878
1403638542.427830 1.324552 0.603026 0.419853 -0.152953 0.784692 0.237316 0.551856
1403638542.527829 1.369256 0.665001 0.423663 -0.153729 0.771226 0.256453 0.561969
1403638542.627830 1.409884 0.730111 0.426659 -0.150967 0.762912 0.270970 0.567230
1403638542.727829 1.442189 0.798659 0.434114 -0.154879 0.763347 0.275217 0.563533
1403638542.827830 1.469318 0.872197 0.449447 -0.163903 0.768051 0.272132 0.556038
1403638542.927830 1.489902 0.948228 0.471345 -0.169639 0.773658 0.268625 0.548194
1403638543.027829 1.504697 1.024052 0.499908 -0.172594 0.777726 0.265798 0.542868
1403638543.127830 1.518524 1.101873 0.525999 -0.174332 0.780055 0.262454 0.540592
1403638543.227829 1.531894 1.178109 0.548179 -0.173598 0.781000 0.260813 0.540259
1403638543.327830 1.546019 1.256925 0.562266 -0.173705 0.781670 0.258489 0.540371
1403638543.427830 1.561852 1.339243 0.572900 -0.174542 0.781707 0.259725 0.539455
1403638543.527829 1.575796 1.419920 0.583199 -0.178269 0.779980 0.266747 0.537305
1403638543.627830 1.590175 1.503851 0.584991 -0.183398 0.775447 0.282257 0.534209
1403638543.727829 1.603698 1.587797 0.590226 -0.192559 0.768584 0.301514 0.530366
1403638543.827830 1.614047 1.670545 0.598714 -0.202595 0.758729 0.324634 0.527161
1403638543.927830 1.622938 1.753260 0.614679 -0.217173 0.749186 0.345375 0.521796
1403638544.027829 1.632206 1.834790 0.636042 -0.232170 0.742591 0.359985 0.514846
1403638544.127830 1.643066 1.918166 0.658696 -0.244009 0.739072 0.369350 0.507752
1403638544.227829 1.655504 2.002643 0.677576 -0.253586 0.736232 0.373740 0.503960
1403638544.327830 1.670383 2.090088 0.689805 -0.257882 0.734535 0.376848 0.501936
1403638544.427830 1.685767 2.178338 0.697250 -0.258896 0.735150 0.378011 0.499635
1403638544.527829 1.702967 2.270712 0.704535 -0.257916 0.734394 0.378015 0.501248
1403638544.627830 1.720194 2.364723 0.712773 -0.262229 0.729086 0.377313 0.507252
1403638544.727829 1.737770 2.458043 0.727345 -0.265765 0.724608 0.377391 0.511751
1403638544.827830 1.753372 2.551173 0.746518 -0.264599 0.726327 0.379298 0.508496
1403638544.927830 1.768377 2.642708 0.759273 -0.263424 0.729191 0.380734 0.503915
1403638545.027829 1.785537 2.730899 0.764961 -0.264784 0.728620 0.380952 0.503862
1403638545.127830 1.799076 2.816971 0.767201 -0.265863 0.727479 0.381272 0.504700
1403638545.227829 1.816164 2.906232 0.761292 -0.264541 0.727791 0.382921 0.503696
1403638545.327830 1.831052 2.993232 0.752549 -0.265194 0.725681 0.383419 0.506013
1403638545.427830 1.848689 3.083641 0.737715 -0.267057 0.724709 0.382559 0.507076
1403638545.527829 1.865716 3.174029 0.722832 -0.269998 0.723420 0.386018 0.504732
1403638545.627830 1.879200 3.259662 0.715624 -0.277102 0.719822 0.394929 0.499101
1403638545.727829 1.894501 3.342431 0.711059 -0.285344 0.713505 0.409069 0.492089
1403638545.827830 1.910803 3.426434 0.716376 -0.295540 0.702949 0.427527 0.485530
1403638545.927830 1.926059 3.511848 0.727870 -0.305804 0.691236 0.448696 0.476811
1403638546.027829 1.941802 3.598390 0.745633 -0.314245 0.678943 0.469295 0.469093
1403638546.127830 1.959466 3.689364 0.761019 -0.320418 0.668257 0.485340 0.463907
1403638546.227829 1.975543 3.783005 0.769830 -0.327482 0.661875 0.494572 0.458340
1403638546.327830 1.990605 3.877417 0.771774 -0.333405 0.658705 0.499322 0.453461
1403638546.427830 2.004283 3.972955 0.768430 -0.338142 0.658351 0.500436 0.449220
1403638546.527829 2.016966 4.067746 0.761664 -0.339298 0.657292 0.502276 0.447843
1403638546.627830 2.028858 4.162678 0.758711 -0.341384 0.653519 0.507306 0.446106
1403638546.727829 2.040036 4.261468 0.763923 -0.345088 0.648601 0.513113 0.443787
1403638546.827830 2.051067 4.362558 0.779058 -0.345919 0.644220 0.518902 0.442788
1403638546.927830 2.059797 4.466115 0.797557 -0.346140 0.641127 0.523101 0.442164
1403638547.027829 2.067864 4.570893 0.810700 -0.344686 0.638030 0.526947 0.443211
1403638547.127830 2.072098 4.674831 0.816080 -0.341306 0.635278 0.530939 0.445013
1403638547.227829 2.074668 4.782354 0.818246 -0.339264 0.634011 0.532941 0.445986
1403638547.327830 2.070157 4.887138 0.813641 -0.338150 0.633056 0.533765 0.447202
1403638547.427830 2.062921 4.995624 0.808670 -0.343257 0.636426 0.529873 0.443139
1403638547.527829 2.053083 5.103768 0.800318 -0.348039 0.639713 0.525857 0.439443
1403638547.627830 2.038967 5.205217 0.783468 -0.350498 0.641853 0.523356 0.437350
1403638547.727829 2.027336 5.317733 0.764879 -0.349022 0.642238 0.522944 0.438455
1403638547.827830 2.012402 5.425813 0.740728 -0.344901 0.640052 0.525249 0.442142
1403638547.927830 1.998109 5.542489 0.716192 -0.344476 0.639858 0.525219 0.442789
1403638548.027829 1.978745 5.655990 0.697018 -0.345874 0.639250 0.526335 0.441251
1403638548.127830 1.951565 5.764035 0.684198 -0.349566 0.636349 0.530274 0.437806
1403638548.227829 1.929295 5.890774 0.682791 -0.355482 0.631094 0.536972 0.432451
1403638548.327830 1.904019 6.015750 0.688643 -0.363131 0.623133 0.546776 0.425297
1403638548.427830 1.878112 6.139974 0.703451 -0.370272 0.613496 0.559111 0.417034
1403638548.527829 1.853089 6.269107 0.719785 -0.378028 0.605007 0.567770 0.410729
1403638548.627830 1.827978 6.391196 0.733354 -0.383302 0.597722 0.574818 0.406684
1403638548.727829 1.804599 6.512580 0.743955 -0.387088 0.593145 0.579496 0.403146
1403638548.827830 1.780418 6.637105 0.754789 -0.389474 0.590207 0.582670 0.400577
1403638548.927830 1.754645 6.765356 0.772949 -0.391353 0.588561 0.584001 0.399227
1403638549.027829 1.726967 6.894320 0.795195 -0.390440 0.587881 0.585810 0.398471
1403638549.127830 1.701008 7.016552 0.825590 -0.392722 0.588313 0.584399 0.397662
1403638549.227829 1.673272 7.144020 0.860345 -0.393108 0.588378 0.583928 0.397877
1403638549.327830 1.647117 7.272617 0.901714 -0.394674 0.589601 0.582116 0.397170
1403638549.427830 1.619014 7.402425 0.942467 -0.397109 0.590858 0.579602 0.396551
1403638549.527829 1.592983 7.534596 0.979550 -0.397869 0.592158 0.578164 0.395949
1403638549.627830 1.567121 7.668132 1.009585 -0.399836 0.591376 0.576258 0.397910
1403638549.727829 1.543924 7.802948 1.037912 -0.398647 0.590870 0.576184 0.399957
1403638549.827830 1.521428 7.939199 1.068296 -0.398723 0.592582 0.575740 0.397982
1403638549.927830 1.499635 8.074193 1.107245 -0.396774 0.593393 0.576567 0.397525
1403638550.027829 1.479305 8.216538 1.154049 -0.397405 0.594401 0.575910 0.396338
1403638550.127830 1.459401 8.358150 1.208260 -0.398491 0.595297 0.575419 0.394613
1403638550.227829 1.441545 8.501126 1.269793 -0.398294 0.595096 0.576147 0.394053
1403638550.327830 1.423773 8.648126 1.338432 -0.397571 0.594249 0.576930 0.394913
1403638550.427830 1.408301 8.793998 1.402754 -0.399742 0.593786 0.576033 0.394730
1403638550.527829 1.393992 8.939289 1.460758 -0.402239 0.595057 0.574498 0.392509
1403638550.627830 1.382282 9.084755 1.509755 -0.406889 0.594331 0.571395 0.393345
1403638550.727829 1.374408 9.228775 1.557661 -0.411075 0.593152 0.568481 0.394991
1403638550.827830 1.370749 9.369038 1.595166 -0.414601 0.590888 0.565727 0.398636
1403638550.927830 1.371061 9.506809 1.630464 -0.420887 0.586400 0.560917 0.405416
1403638551.027829 1.372272 9.641420 1.662061 -0.426000 0.583327 0.557095 0.409754
1403638551.127830 1.376256 9.768229 1.691530 -0.429160 0.582464 0.554689 0.410946
1403638551.227829 1.384592 9.885110 1.725268 -0.432845 0.582899 0.552673 0.409178
1403638551.327830 1.399223 9.996973 1.766969 -0.430123 0.587325 0.551767 0.406936
1403638551.427830 1.417629 10.107598 1.806397 -0.424237 0.597856 0.545177 0.406661
1403638551.527829 1.444744 10.214262 1.844205 -0.416998 0.612534 0.532408 0.409214
1403638551.627830 1.476825 10.324496 1.876759 -0.410831 0.629021 0.514438 0.413405
1403638551.727829 1.518533 10.426957 1.905233 -0.402883 0.644266 0.495980 0.420250
1403638551.827830 1.569305 10.526548 1.926986 -0.393222 0.657705 0.478078 0.429234
1403638551.927830 1.627791 10.618226 1.947580 -0.381144 0.664480 0.467212 0.441484
1403638552.027829 1.692831 10.702363 1.974296 -0.370452 0.666271 0.460929 0.454305
1403638552.127830 1.761371 10.775972 2.006264 -0.362705 0.669290 0.457053 0.459998
1403638552.227829 1.833027 10.841545 2.042864 -0.358026 0.674233 0.454976 0.458502
1403638552.327830 1.907535 10.899751 2.081573 -0.355960 0.676895 0.453710 0.457442
1403638552.427830 1.986695 10.955634 2.116870 -0.361734 0.675353 0.448714 0.460111
1403638552.527829 2.067994 10.996421 2.146954 -0.368626 0.671782 0.443953 0.464467
1403638552.627830 2.153561 11.033316 2.171384 -0.372144 0.668267 0.442532 0.468075
1403638552.727829 2.242571 11.061339 2.188947 -0.371972 0.667453 0.444452 0.467553
1403638552.827830 2.334964 11.080963 2.201644 -0.370745 0.666229 0.447574 0.467295
1403638552.927830 2.431263 11.097587 2.208894 -0.366796 0.664744 0.453292 0.467014
1403638553.027829 2.529396 11.105402 2.212794 -0.362001 0.662389 0.459353 0.468178
1403638553.127830 2.628170 11.110995 2.212479 -0.362463 0.659411 0.461769 0.469646
1403638553.227829 2.727216 11.109294 2.210758 -0.370659 0.654280 0.458134 0.473965
1403638553.327830 2.827005 11.100913 2.211755 -0.375523 0.648400 0.456677 0.479589
1403638553.427830 2.925410 11.081837 2.218316 -0.373397 0.643148 0.459532 0.485557
1403638553.527829 3.022225 11.052546 2.230884 -0.370244 0.638648 0.462978 0.490611
1403638553.627830 3.115272 11.007886 2.247412 -0.367308 0.635655 0.465654 0.494160
1403638553.727829 3.205568 10.953419 2.271458 -0.365739 0.635279 0.467655 0.493917
1403638553.827830 3.293099 10.890818 2.302307 -0.363533 0.636627 0.469624 0.491938
1403638553.927830 3.371835 10.816921 2.336523 -0.361353 0.638477 0.470897 0.489926
1403638554.027829 3.455448 10.744299 2.372524 -0.361773 0.643085 0.470704 0.483735
1403638554.127830 3.526795 10.657033 2.398147 -0.359411 0.644874 0.472416 0.481440
1403638554.227829 3.607948 10.578998 2.424589 -0.351139 0.649947 0.478674 0.474490
1403638554.327830 3.675712 10.486863 2.438631 -0.344017 0.654460 0.483993 0.468065
1403638554.427830 3.751770 10.407631 2.456431 -0.340323 0.656883 0.487058 0.464177
1403638554.527829 3.820359 10.326538 2.469077 -0.338733 0.657646 0.488442 0.462801
1403638554.627830 3.885319 10.245197 2.478002 -0.341531 0.659437 0.487007 0.459700
1403638554.727829 3.947239 10.159111 2.489120 -0.347212 0.660307 0.483289 0.458117
1403638554.827830 4.010213 10.079390 2.507185 -0.351712 0.661133 0.480624 0.456293
1403638554.927830 4.073420 9.996999 2.527516 -0.355053 0.661394 0.478066 0.456013
1403638555.027829 4.137910 9.914359 2.544307 -0.355390 0.663163 0.473772 0.457661
1403638555.127830 4.206665 9.836852 2.557904 -0.349166 0.667790 0.468934 0.460695
1403638555.227829 4.274776 9.751392 2.562600 -0.343138 0.674650 0.460655 0.463574
1403638555.327830 4.345846 9.670955 2.567243 -0.337195 0.679938 0.453818 0.466940
1403638555.427830 4.419480 9.586477 2.567835 -0.329490 0.682142 0.450969 0.471959
1403638555.527829 4.491686 9.502295 2.563058 -0.326554 0.684238 0.447375 0.474380
1403638555.627830 4.564365 9.418151 2.560302 -0.324214 0.685295 0.445919 0.475829
1403638555.727829 4.635842 9.332812 2.565257 -0.324509 0.686784 0.444594 0.474718
1403638555.827830 4.706458 9.246605 2.580065 -0.323009 0.687123 0.445755 0.474163
1403638555.927830 4.776525 9.159844 2.598182 -0.321612 0.686814 0.447286 0.474117
1403638556.027829 4.847715 9.081526 2.623878 -0.320637 0.685665 0.448662 0.475139
1403638556.127830 4.919061 9.001258 2.649142 -0.319376 0.687651 0.449756 0.472074
1403638556.227829 4.990651 8.926720 2.667691 -0.317198 0.692268 0.451008 0.465556
1403638556.327830 5.063322 8.850597 2.681478 -0.316224 0.694859 0.451641 0.461729
1403638556.427830 5.136438 8.786246 2.693514 -0.315125 0.696867 0.452354 0.458747
1403638556.527829 5.213607 8.719623 2.703896 -0.312332 0.700393 0.453696 0.453937
1403638556.627830 5.289721 8.667196 2.714996 -0.316507 0.703553 0.449901 0.449917
1403638556.727829 5.368935 8.620992 2.729437 -0.323968 0.703206 0.443793 0.451214
1403638556.827830 5.454521 8.567556 2.752456 -0.330203 0.700379 0.439411 0.455360
1403638556.927830 5.543669 8.525375 2.781192 -0.334841 0.699109 0.435967 0.457231
1403638557.027829 5.639488 8.481067 2.808275 -0.336025 0.697855 0.435353 0.458861
1403638557.127830 5.741363 8.435218 2.828299 -0.333634 0.696078 0.437630 0.461132
1403638557.227829 5.846706 8.383257 2.842169 -0.332655 0.694694 0.438708 0.462900
1403638557.327830 5.954266 8.338792 2.849621 -0.331489 0.693837 0.439978 0.463815
1403638557.427830 6.064800 8.292432 2.856579 -0.328144 0.691813 0.442948 0.466383
1403638557.527829 6.177110 8.246809 2.868326 -0.322401 0.689052 0.447316 0.470290
1403638557.627830 6.288317 8.200852 2.885718 -0.319074 0.686852 0.449800 0.473399
1403638557.727829 6.398121 8.157596 2.907783 -0.317920 0.686194 0.450510 0.474453
1403638557.827830 6.506449 8.114948 2.928102 -0.315925 0.685945 0.451292 0.475401
1403638557.927830 6.614135 8.072134 2.942080 -0.313142 0.686215 0.453004 0.475225
1403638558.027829 6.720743 8.030183 2.948931 -0.311558 0.688878 0.454077 0.471374
1403638558.127830 6.827061 7.988714 2.951492 -0.309587 0.693938 0.455034 0.464274
1403638558.227829 6.934461 7.951065 2.955330 -0.306722 0.700135 0.456377 0.455470
1403638558.327830 7.043511 7.919673 2.966973 -0.302630 0.701814 0.458755 0.453229
1403638558.427830 7.152755 7.895467 2.989537 -0.296564 0.704192 0.462362 0.449872
1403638558.527829 7.261564 7.879676 3.018532 -0.293166 0.707380 0.463911 0.445482
1403638558.627830 7.373449 7.873192 3.054580 -0.298040 0.708645 0.459965 0.444327
1403638558.727829 7.488616 7.875633 3.093722 -0.308477 0.709214 0.452110 0.444358
1403638558.827830 7.604404 7.885566 3.128889 -0.313853 0.708741 0.447810 0.445700
1403638558.927830 7.727330 7.897969 3.155499 -0.314655 0.705612 0.447191 0.450693
1403638559.027829 7.851714 7.915472 3.174958 -0.315260 0.700501 0.447053 0.458316
1403638559.127830 7.976747 7.936674 3.186853 -0.316276 0.696724 0.446776 0.463612
1403638559.227829 8.101055 7.960517 3.192044 -0.315270 0.693444 0.448322 0.467704
1403638559.327830 8.224908 7.985838 3.190487 -0.313467 0.691083 0.450385 0.470421
1403638559.427830 8.346551 8.011843 3.183088 -0.309292 0.688424 0.454052 0.473548
1403638559.527829 8.463628 8.038918 3.171402 -0.307882 0.686533 0.455490 0.475826
1403638559.627830 8.577827 8.067174 3.155395 -0.308126 0.684826 0.456050 0.477588
1403638559.727829 8.689529 8.096738 3.139424 -0.308491 0.683908 0.456615 0.478126
1403638559.827830 8.797641 8.127862 3.128505 -0.309744 0.684469 0.456636 0.476493
1403638559.927830 8.903432 8.161304 3.122702 -0.309952 0.685565 0.454099 0.477205
1403638560.027829 9.010028 8.194435 3.112297 -0.306887 0.691447 0.444670 0.479573
1403638560.127830 9.115816 8.227203 3.095122 -0.299550 0.700520 0.428969 0.485311
1403638560.227829 9.221186 8.260531 3.071773 -0.287928 0.711209 0.409428 0.493608
1403638560.327830 9.325391 8.292981 3.046811 -0.276059 0.720357 0.386600 0.505389
1403638560.427830 9.426211 8.323678 3.019637 -0.264165 0.728545 0.361955 0.518100
1403638560.527829 9.522512 8.352459 2.988001 -0.251547 0.736757 0.336421 0.529843
1403638560.627830 9.614383 8.376959 2.952135 -0.241311 0.747153 0.308458 0.537015
1403638560.727829 9.702113 8.395995 2.915360 -0.234027 0.757432 0.280914 0.540940
1403638560.827830 9.787395 8.407630 2.884728 -0.223573 0.764838 0.257844 0.546402
1403638560.927830 9.872435 8.413244 2.861334 -0.213216 0.770579 0.235186 0.552661
1403638561.027829 9.957114 8.410855 2.846288 -0.200239 0.773054 0.215426 0.562035
1403638561.127830 10.037509 8.399853 2.837909 -0.188570 0.775489 0.196145 0.569723
1403638561.227829 10.114718 8.381211 2.836104 -0.179459 0.776579 0.180607 0.576281
1403638561.327830 10.186840 8.355739 2.840855 -0.173263 0.778135 0.170731 0.579083
1403638561.427830 10.252314 8.322082 2.843307 -0.161296 0.784205 0.171137 0.574211
1403638561.527829 10.314409 8.280854 2.842228 -0.148933 0.788669 0.176196 0.569890
1403638561.627830 10.373775 8.238139 2.833911 -0.142268 0.791410 0.180005 0.566594
1403638561.727829 10.427782 8.193259 2.821523 -0.140835 0.792227 0.182461 0.565022
1403638561.827830 10.480222 8.148863 2.802901 -0.139431 0.791701 0.184434 0.565467
1403638561.927830 10.530045 8.100766 2.780446 -0.135271 0.791645 0.183285 0.566927
1403638562.027829 10.577354 8.053491 2.753791 -0.129746 0.793034 0.175833 0.568635
1403638562.127830 10.621734 8.002493 2.734908 -0.122386 0.795014 0.166070 0.570434
1403638562.227829 10.663455 7.952819 2.720630 -0.115421 0.796353 0.157881 0.572340
1403638562.327830 10.702300 7.905480 2.713002 -0.109343 0.797529 0.148023 0.574527
1403638562.427830 10.738314 7.856920 2.709325 -0.102417 0.798949 0.134178 0.577225
1403638562.527829 10.772432 7.807675 2.711740 -0.093435 0.801917 0.116392 0.578491
1403638562.627830 10.804238 7.758389 2.720554 -0.084698 0.803948 0.093886 0.581101
1403638562.727829 10.831900 7.707596 2.732940 -0.075638 0.806424 0.068911 0.582418
1403638562.827830 10.856218 7.653381 2.743542 -0.064259 0.808096 0.043365 0.583928
1403638562.927830 10.874715 7.595496 2.748559 -0.050422 0.809460 0.019365 0.584685
1403638563.027829 10.889373 7.534666 2.748137 -0.038201 0.809600 -0.003524 0.585727
1403638563.127830 10.899490 7.470469 2.742879 -0.031040 0.809908 -0.027638 0.585083
1403638563.227829 10.905705 7.400894 2.733813 -0.017698 0.808145 -0.043432 0.587114
1403638563.327830 10.906964 7.326934 2.720214 -0.007831 0.803538 -0.054250 0.592725
1403638563.427830 10.901896 7.248874 2.702176 -0.003917 0.794899 -0.062440 0.603508
1403638563.527829 10.889746 7.166733 2.678979 -0.000330 0.792696 -0.065057 0.606135
1403638563.627830 10.870625 7.079536 2.659185 0.003259 0.795381 -0.064201 0.602691
1403638563.727829 10.844233 6.987189 2.646344 0.000770 0.798259 -0.064752 0.598823
1403638563.827830 10.812817 6.889610 2.640533 -0.003022 0.799653 -0.064725 0.596956
1403638563.927830 10.775746 6.787608 2.644031 -0.006368 0.799083 -0.063531 0.597821
1403638564.027829 10.733903 6.679316 2.648827 -0.010251 0.798722 -0.061249 0.598487
1403638564.127830 10.684004 6.567087 2.648788 -0.013524 0.798582 -0.057882 0.598944
1403638564.227829 10.629059 6.448678 2.644632 -0.013940 0.797869 -0.052404 0.600386
1403638564.327830 10.572022 6.321209 2.642382 -0.012130 0.796855 -0.045876 0.602304
1403638564.427830 10.504763 6.194834 2.647109 -0.012446 0.794905 -0.041953 0.605154
1403638564.527829 10.432904 6.062412 2.658550 -0.013660 0.794959 -0.039620 0.605213
1403638564.627830 10.349545 5.930816 2.671058 -0.017745 0.797107 -0.040511 0.602216
1403638564.727829 10.263150 5.792899 2.680984 -0.022668 0.798508 -0.043764 0.599963
1403638564.827830 10.168543 5.650602 2.682092 -0.025451 0.798713 -0.046819 0.599348
1403638564.927830 10.072355 5.504576 2.674067 -0.027641 0.797908 -0.049316 0.600122
1403638565.027829 9.967686 5.349077 2.642363 -0.028958 0.797861 -0.050174 0.600052
1403638565.127830 9.860820 5.190021 2.601123 -0.029872 0.798519 -0.050836 0.599075
1403638565.227829 9.752159 5.023370 2.546976 -0.029518 0.799370 -0.050434 0.597991
1403638565.327830 9.639415 4.850502 2.488450 -0.027190 0.800268 -0.049572 0.596971
1403638565.427830 9.523184 4.673947 2.427731 -0.024875 0.801131 -0.048285 0.596019
1403638565.527829 9.403294 4.490644 2.370053 -0.019397 0.799063 -0.046601 0.599124
1403638565.627830 9.281121 4.305901 2.320302 -0.010894 0.797490 -0.043134 0.601690
1403638565.727829 9.154995 4.120183 2.278169 0.001271 0.798582 -0.036794 0.600759
1403638565.827830 9.023373 3.936960 2.243072 0.007555 0.801536 -0.034260 0.596916
1403638565.927830 8.885507 3.756259 2.214322 0.013610 0.803875 -0.032295 0.593765
1403638566.027829 8.744653 3.578672 2.183815 0.014393 0.805047 -0.033284 0.592101
1403638566.127830 8.601141 3.404706 2.145678 0.014823 0.805183 -0.033689 0.591883
1403638566.227829 8.456519 3.234584 2.098152 0.015193 0.804864 -0.033503 0.592318
1403638566.327830 8.312914 3.067104 2.042880 0.014550 0.805886 -0.033428 0.590947
1403638566.427830 8.169144 2.902729 1.980290 0.014127 0.805764 -0.032169 0.591194
1403638566.527829 8.027435 2.743521 1.911795 0.012091 0.806098 -0.031541 0.590817
1403638566.627830 7.886510 2.589443 1.836051 0.010210 0.812716 -0.030422 0.581775
1403638566.727829 7.747754 2.439879 1.753465 0.009126 0.824996 -0.029402 0.564300
1403638566.827830 7.615078 2.290801 1.667264 0.009509 0.834653 -0.026272 0.550066
1403638566.927830 7.489125 2.145031 1.579138 0.009223 0.840828 -0.023666 0.540706
1403638567.027829 7.373394 2.004046 1.489514 0.008048 0.840653 -0.022378 0.541051
1403638567.127830 7.264793 1.865405 1.402563 0.009776 0.828059 -0.019870 0.560204
1403638567.227829 7.160257 1.727810 1.310511 0.011388 0.816732 -0.018258 0.576615
1403638567.327830 7.057033 1.595252 1.212833 0.014553 0.811083 -0.017016 0.584503
1403638567.427830 6.952721 1.466054 1.114813 0.016805 0.810606 -0.017299 0.585096
1403638567.527829 6.847504 1.339798 1.021721 0.018442 0.813142 -0.018422 0.581482
1403638567.627830 6.741188 1.217340 0.937685 0.020531 0.816997 -0.019510 0.575947
1403638567.727829 6.638701 1.100591 0.863849 0.023135 0.820176 -0.020139 0.571288
1403638567.827830 6.540387 0.988578 0.799405 0.025057 0.824197 -0.020515 0.565376
1403638567.927830 6.449694 0.881919 0.742681 0.022711 0.825751 -0.023089 0.563105
1403638568.027829 6.363637 0.780919 0.693152 0.023921 0.826424 -0.023195 0.562061
1403638568.127830 6.282461 0.683999 0.654165 0.026679 0.825578 -0.021698 0.563239
1403638568.227829 6.206108 0.593495 0.623937 0.028792 0.824895 -0.020627 0.564175
1403638568.327830 6.133661 0.507195 0.597708 0.029590 0.825067 -0.020611 0.563883
1403638568.427830 6.062516 0.426367 0.565476 0.029750 0.826322 -0.021053 0.562017
1403638568.527829 5.997880 0.348106 0.531608 0.030415 0.827117 -0.020513 0.560831
1403638568.627830 5.935502 0.275153 0.491284 0.031057 0.828748 -0.020144 0.558396
1403638568.727829 5.877910 0.205663 0.453241 0.032625 0.830120 -0.018461 0.556323
1403638568.827830 5.824025 0.142444 0.421503 0.030591 0.830085 -0.019468 0.556456
1403638568.927830 5.775336 0.085100 0.395402 0.031641 0.830042 -0.018830 0.556484
1403638569.027829 5.730462 0.032224 0.379905 0.031606 0.829189 -0.018855 0.557756
1403638569.127830 5.692967 -0.013507 0.370230 0.033272 0.829308 -0.017685 0.557520
1403638569.227829 5.654545 -0.058585 0.366094 0.035167 0.830820 -0.016734 0.555177
1403638569.327830 5.624238 -0.093613 0.357768 0.036360 0.831536 -0.016559 0.554032
1403638569.427830 5.594634 -0.130715 0.345619 0.037186 0.830565 -0.015970 0.555449
1403638569.527829 5.573887 -0.157730 0.326984 0.037247 0.829349 -0.015684 0.557267
1403638569.627830 5.557552 -0.179416 0.309469 0.036787 0.827960 -0.016298 0.559342
1403638569.727829 5.545836 -0.195343 0.299081 0.037580 0.827064 -0.015969 0.560622
1403638569.827830 5.537352 -0.203831 0.295773 0.037553 0.826441 -0.015525 0.561555
1403638569.927830 5.533011 -0.207701 0.297637 0.038639 0.824629 -0.014862 0.564157
1403638570.027829 5.532381 -0.205520 0.300455 0.036446 0.823468 -0.016085 0.565962
1403638570.127830 5.533961 -0.198245 0.298702 0.032910 0.823644 -0.018414 0.565852
1403638570.227829 5.536871 -0.188165 0.290788 0.026819 0.823228 -0.021771 0.566659
1403638570.327830 5.541626 -0.176213 0.277271 0.018003 0.822988 -0.028095 0.567078
1403638570.427830 5.548001 -0.163718 0.259471 0.014335 0.822747 -0.038239 0.566938
1403638570.527829 5.556612 -0.154763 0.234828 0.008067 0.821680 -0.060174 0.566706
1403638570.627830 5.560161 -0.152203 0.205273 0.003954 0.818167 -0.089323 0.567986
1403638570.727829 5.565530 -0.159249 0.172562 0.009434 0.810432 -0.116881 0.573977
1403638570.827830 5.566013 -0.175775 0.138336 0.018864 0.798098 -0.143969 0.584771
1403638570.927830 5.560140 -0.202652 0.101198 0.032977 0.788419 -0.166825 0.591166
1403638571.027829 5.547284 -0.241137 0.060215 0.048094 0.781783 -0.187955 0.592601
1403638571.127830 5.526255 -0.289375 0.016110 0.068268 0.783004 -0.203889 0.583673
1403638571.227829 5.496758 -0.345441 -0.021287 0.089714 0.785473 -0.212535 0.574293
1403638571.327830 5.461591 -0.407205 -0.048672 0.107963 0.785940 -0.217274 0.568712
1403638571.427830 5.420030 -0.471547 -0.065654 0.115782 0.783811 -0.223279 0.567786
1403638571.527829 5.372816 -0.539301 -0.075194 0.121702 0.780754 -0.226600 0.569442
1403638571.627830 5.320600 -0.609648 -0.086224 0.128289 0.779450 -0.233459 0.567006
1403638571.727829 5.265363 -0.683083 -0.102289 0.135222 0.779407 -0.245081 0.560514
1403638571.827830 5.206715 -0.759448 -0.123213 0.143430 0.778031 -0.260383 0.553440
1403638571.927830 5.145798 -0.839265 -0.144924 0.150738 0.773257 -0.279647 0.548771
1403638572.027829 5.082331 -0.923368 -0.159913 0.159562 0.766814 -0.299143 0.545022
1403638572.127830 5.015725 -1.011523 -0.166517 0.170533 0.759477 -0.317140 0.541788
1403638572.227829 4.944587 -1.102338 -0.164970 0.187129 0.753962 -0.331962 0.535093
1403638572.327830 4.872143 -1.195792 -0.162219 0.200441 0.749704 -0.349783 0.524805
1403638572.427830 4.799658 -1.293515 -0.163352 0.214063 0.744929 -0.366506 0.514715
1403638572.527829 4.727625 -1.394269 -0.166463 0.226701 0.741474 -0.377085 0.506587
1403638572.627830 4.657481 -1.498696 -0.170028 0.235202 0.738254 -0.383648 0.502469
1403638572.727829 4.589120 -1.606898 -0.169062 0.242285 0.737943 -0.386201 0.497581
1403638572.827830 4.524104 -1.718858 -0.159436 0.248061 0.740076 -0.385324 0.492217
1403638572.927830 4.463704 -1.834259 -0.142558 0.249408 0.741961 -0.384730 0.489154
1403638573.027829 4.407381 -1.952740 -0.125902 0.249756 0.744425 -0.383561 0.486143
1403638573.127830 4.356009 -2.073631 -0.115207 0.248481 0.746632 -0.381963 0.484667
1403638573.227829 4.308747 -2.196828 -0.108914 0.246926 0.747552 -0.380203 0.485427
1403638573.327830 4.267534 -2.322549 -0.102211 0.245434 0.748598 -0.378141 0.486181
1403638573.427830 4.228195 -2.452268 -0.095594 0.246398 0.749663 -0.378496 0.483772
1403638573.527829 4.198739 -2.583135 -0.080525 0.249425 0.749480 -0.378586 0.482431
1403638573.627830 4.170158 -2.718395 -0.058709 0.250666 0.749103 -0.378977 0.482066
1403638573.727829 4.147423 -2.853479 -0.030814 0.255030 0.748441 -0.380889 0.479290
1403638573.827830 4.131727 -2.991259 -0.000133 0.265888 0.741325 -0.385007 0.481155
1403638573.927830 4.121841 -3.129614 0.026097 0.280095 0.728871 -0.393787 0.485001
1403638574.027829 4.116244 -3.265203 0.045934 0.287881 0.710651 -0.412133 0.492185
1403638574.127830 4.111411 -3.396997 0.060115 0.293583 0.689195 -0.435213 0.499409
1403638574.227829 4.104549 -3.525123 0.069344 0.300935 0.668159 -0.459010 0.502305
1403638574.327830 4.094006 -3.648610 0.074028 0.311787 0.652551 -0.480404 0.496163
1403638574.427830 4.076012 -3.770986 0.075556 0.325719 0.640779 -0.498839 0.484219
1403638574.527829 4.054035 -3.890429 0.075631 0.337493 0.629617 -0.515964 0.472718
1403638574.627830 4.028807 -4.006635 0.081787 0.348255 0.620089 -0.526633 0.465688
1403638574.727829 4.000661 -4.122394 0.094919 0.360535 0.617172 -0.530811 0.455361
1403638574.827830 3.971547 -4.234140 0.114103 0.367218 0.619289 -0.533608 0.443728
1403638574.927830 3.941403 -4.344262 0.131565 0.365914 0.621570 -0.538260 0.435928
1403638575.027829 3.910827 -4.453231 0.142878 0.361952 0.622448 -0.541941 0.433416
1403638575.127830 3.879322 -4.558895 0.147745 0.354579 0.619952 -0.546605 0.437215
1403638575.227829 3.845359 -4.666772 0.149332 0.350163 0.617877 -0.548395 0.441449
1403638575.327830 3.808332 -4.776805 0.144851 0.346512 0.618555 -0.548856 0.442804
1403638575.427830 3.768678 -4.887702 0.137005 0.343053 0.623707 -0.548462 0.438740
1403638575.527829 3.725511 -5.003502 0.126543 0.341549 0.628477 -0.546241 0.435869
1403638575.627830 3.679617 -5.125186 0.120942 0.343666 0.635270 -0.541662 0.430032
1403638575.727829 3.633564 -5.251436 0.121310 0.346063 0.641510 -0.537075 0.424566
1403638575.827830 3.588606 -5.380479 0.130377 0.346817 0.647411 -0.534465 0.418241
1403638575.927830 3.548266 -5.510202 0.151546 0.345900 0.649260 -0.533340 0.417568
1403638576.027829 3.512193 -5.643372 0.182065 0.346094 0.649645 -0.532077 0.418419
1403638576.127830 3.477924 -5.781370 0.218916 0.346867 0.649393 -0.531372 0.419065
1403638576.227829 3.446461 -5.927574 0.256767 0.349251 0.648526 -0.529693 0.420551
1403638576.327830 3.418552 -6.078805 0.288282 0.353991 0.649587 -0.526543 0.418903
1403638576.427830 3.394653 -6.234455 0.313188 0.357346 0.651704 -0.524437 0.415395
1403638576.527829 3.377047 -6.391355 0.332735 0.362776 0.655463 -0.520755 0.409361
1403638576.627830 3.366859 -6.550983 0.347200 0.366406 0.658231 -0.518447 0.404587
1403638576.727829 3.366227 -6.712547 0.357004 0.369671 0.657504 -0.516008 0.405916
1403638576.827830 3.373630 -6.876407 0.362298 0.374553 0.653426 -0.512595 0.412298
1403638576.927830 3.387794 -7.039760 0.362458 0.374661 0.647805 -0.512855 0.420662
1403638577.027829 3.408325 -7.200459 0.359382 0.370593 0.643050 -0.515856 0.427832
1403638577.127830 3.432687 -7.359122 0.361004 0.367372 0.639366 -0.518524 0.432876
1403638577.227829 3.460158 -7.515636 0.369865 0.365125 0.637752 -0.520329 0.434988
1403638577.327830 3.490522 -7.672088 0.386272 0.369001 0.640129 -0.517484 0.431606
1403638577.427830 3.523798 -7.826109 0.410452 0.375142 0.644768 -0.512538 0.425261
1403638577.527829 3.562590 -7.977480 0.436318 0.375564 0.645398 -0.511975 0.424612
1403638577.627830 3.606381 -8.125997 0.456683 0.372769 0.644522 -0.513905 0.426071
1403638577.727829 3.654227 -8.271450 0.470118 0.370433 0.644306 -0.515357 0.426681
1403638577.827830 3.706043 -8.415969 0.476182 0.368087 0.644027 -0.516543 0.427697
1403638577.927830 3.761493 -8.562166 0.477881 0.367985 0.644288 -0.515793 0.428296
1403638578.027829 3.820142 -8.704303 0.480967 0.368898 0.644497 -0.514347 0.428934
1403638578.127830 3.883838 -8.848815 0.492519 0.366304 0.643025 -0.515116 0.432430
1403638578.227829 3.949703 -8.989241 0.508435 0.358298 0.637927 -0.520211 0.440515
1403638578.327830 4.016130 -9.129709 0.527788 0.352311 0.634533 -0.524202 0.445485
1403638578.427830 4.080530 -9.267539 0.543106 0.352214 0.633894 -0.524673 0.445916
1403638578.527829 4.142739 -9.405017 0.551664 0.352264 0.633326 -0.525216 0.446046
1403638578.627830 4.203724 -9.545410 0.556891 0.353397 0.632484 -0.525095 0.446486
1403638578.727829 4.261049 -9.676685 0.558379 0.357388 0.633989 -0.522734 0.443937
1403638578.827830 4.319025 -9.811936 0.556189 0.362619 0.637664 -0.519090 0.438676
1403638578.927830 4.375330 -9.938817 0.551075 0.366803 0.638859 -0.516228 0.436833
1403638579.027829 4.436305 -10.070073 0.550296 0.368614 0.639971 -0.514132 0.436153
1403638579.127830 4.495888 -10.188208 0.557243 0.369034 0.640214 -0.513082 0.436677
1403638579.227829 4.562482 -10.316786 0.573328 0.368834 0.640173 -0.512827 0.437207
1403638579.327830 4.627310 -10.428813 0.592441 0.365728 0.638552 -0.514455 0.440261
1403638579.427830 4.698500 -10.552487 0.611992 0.358116 0.633968 -0.519744 0.446882
1403638579.527829 4.764431 -10.658079 0.625470 0.353268 0.630731 -0.522037 0.452612
1403638579.627830 4.829693 -10.763079 0.634460 0.355255 0.628319 -0.513944 0.463542
1403638579.727829 4.893665 -10.868483 0.637121 0.356462 0.634013 -0.497776 0.472420
1403638579.827830 4.955550 -10.968194 0.633670 0.349925 0.649335 -0.477698 0.477201
1403638579.927830 5.016961 -11.063857 0.623824 0.335456 0.670097 -0.454534 0.481495
1403638580.027829 5.079038 -11.155432 0.611054 0.319045 0.687585 -0.424669 0.495068
1403638580.127830 5.140567 -11.236585 0.596941 0.302231 0.700538 -0.388202 0.516916
1403638580.227829 5.200040 -11.308442 0.577611 0.278723 0.716282 -0.351455 0.534539
1403638580.327830 5.256619 -11.372852 0.552657 0.249751 0.733739 -0.319866 0.544920
1403638580.427830 5.308353 -11.431723 0.521712 0.219549 0.747413 -0.299374 0.550951
1403638580.527829 5.355937 -11.489036 0.487831 0.198351 0.755983 -0.285041 0.554885
1403638580.627830 5.399873 -11.545976 0.453001 0.182220 0.764229 -0.271312 0.556004
1403638580.727829 5.439831 -11.600690 0.421513 0.168591 0.775113 -0.255632 0.552656
1403638580.827830 5.477386 -11.656163 0.399861 0.161509 0.783195 -0.242791 0.549157
1403638580.927830 5.512167 -11.708927 0.387452 0.157483 0.787441 -0.234713 0.547764
1403638581.027829 5.546161 -11.759284 0.385687 0.153267 0.788592 -0.232816 0.548114
1403638581.127830 5.578150 -11.807833 0.391737 0.154309 0.789047 -0.231001 0.547934
1403638581.227829 5.610524 -11.851214 0.407464 0.157205 0.789158 -0.230644 0.547101
1403638581.327830 5.638497 -11.894751 0.418559 0.161050 0.788774 -0.231227 0.546289
1403638581.427830 5.665111 -11.928698 0.437506 0.164623 0.786874 -0.232406 0.547464
1403638581.527829 5.691584 -11.963842 0.457053 0.167218 0.785585 -0.234719 0.547541
1403638581.627830 5.716001 -11.985472 0.490585 0.171455 0.783122 -0.236062 0.549179
1403638581.727829 5.744497 -12.017854 0.508296 0.176028 0.778480 -0.235873 0.554389
1403638581.827830 5.766218 -12.029581 0.532337 0.178028 0.776712 -0.237467 0.555548
1403638581.927830 5.795364 -12.049131 0.545904 0.181441 0.769963 -0.237168 0.563905
1403638582.027829 5.823075 -12.073965 0.548650 0.183636 0.766513 -0.236366 0.568213
1403638582.127830 5.853483 -12.097011 0.557951 0.181626 0.772872 -0.238818 0.559149
1403638582.227829 5.876884 -12.112723 0.575119 0.178735 0.778931 -0.241187 0.550590
1403638582.327830 5.902015 -12.128653 0.603719 0.180821 0.777454 -0.239386 0.552778
1403638582.427830 5.933766 -12.147998 0.641769 0.182453 0.775002 -0.237947 0.556295
1403638582.527829 5.956304 -12.152354 0.690750 0.183533 0.773868 -0.236966 0.557935
1403638582.627830 5.982891 -12.160835 0.745345 0.184069 0.773745 -0.236422 0.558159
1403638582.727829 6.004771 -12.157036 0.813173 0.183256 0.776307 -0.237390 0.554447
1403638582.827830 6.030148 -12.158234 0.880440 0.182646 0.777657 -0.238290 0.552366
1403638582.927830 6.048906 -12.146060 0.950851 0.182384 0.778903 -0.239452 0.550190
1403638583.027829 6.068198 -12.132802 1.011978 0.181463 0.781617 -0.241060 0.545926
1403638583.127830 6.087920 -12.117528 1.065189 0.180935 0.783662 -0.242233 0.542641
1403638583.227829 6.109645 -12.101100 1.111565 0.180005 0.784676 -0.243688 0.540831
1403638583.327830 6.131774 -12.084173 1.141975 0.180413 0.784536 -0.243440 0.541010
1403638583.427830 6.154621 -12.062930 1.179056 0.180100 0.784852 -0.243681 0.540547
1403638583.527829 6.180332 -12.041719 1.217646 0.179789 0.785426 -0.243748 0.539786
1403638583.627830 6.208244 -12.017843 1.265127 0.180612 0.785324 -0.243181 0.539914
1403638583.727829 6.236916 -11.989473 1.316874 0.181897 0.785209 -0.242421 0.539993
1403638583.827830 6.274791 -11.962682 1.344683 0.182532 0.785038 -0.241841 0.540288
1403638583.927830 6.308986 -11.934076 1.386579 0.182270 0.784225 -0.241838 0.541557
1403638584.027829 6.341184 -11.901771 1.419151 0.183343 0.783535 -0.241040 0.542547
1403638584.127830 6.382279 -11.867802 1.430995 0.187810 0.776608 -0.237672 0.552376
1403638584.227829 6.418713 -11.832768 1.458503 0.192124 0.766966 -0.233910 0.565808
1403638584.327830 6.447091 -11.787669 1.453467 0.193557 0.761096 -0.232494 0.573773
1403638584.427830 6.463910 -11.730992 1.439510 0.193389 0.760130 -0.232333 0.575174
1403638584.527829 6.473269 -11.668820 1.421974 0.192753 0.759643 -0.232501 0.575962
1403638584.627830 6.486566 -11.605611 1.426647 0.192397 0.760856 -0.232294 0.574561
1403638584.727829 6.495940 -11.535903 1.440018 0.190207 0.764517 -0.233454 0.569942
1403638584.827830 6.488313 -11.458060 1.428832 0.185500 0.772578 -0.236548 0.559248
1403638584.927830 6.494455 -11.378650 1.453584 0.180385 0.778637 -0.240716 0.550674
1403638585.027829 6.481264 -11.295732 1.440817 0.178577 0.781334 -0.241936 0.546895
1403638585.127830 6.470937 -11.218593 1.428607 0.177153 0.781526 -0.243010 0.546608
1403638585.227829 6.469929 -11.139405 1.428959 0.177051 0.780422 -0.243186 0.548139
1403638585.327830 6.466533 -11.062946 1.421931 0.178093 0.778066 -0.242086 0.551625
1403638585.427830 6.467630 -10.982555 1.414652 0.177845 0.777510 -0.241888 0.552575
1403638585.527829 6.463261 -10.905168 1.405610 0.177952 0.778484 -0.241694 0.551252
1403638585.627830 6.468640 -10.823108 1.409525 0.177135 0.780556 -0.241857 0.548508
1403638585.727829 6.458829 -10.745005 1.416530 0.175529 0.784504 -0.242492 0.543084
1403638585.827830 6.464786 -10.663856 1.436050 0.172673 0.789203 -0.244618 0.536194
1403638585.927830 6.462425 -10.586459 1.462880 0.169395 0.791512 -0.247108 0.532684
1403638586.027829 6.466153 -10.508028 1.498135 0.169534 0.788726 -0.247479 0.536585
1403638586.127830 6.482812 -10.431916 1.528214 0.171943 0.784993 -0.247230 0.541386
1403638586.227829 6.487497 -10.352207 1.552777 0.173777 0.782547 -0.246181 0.544809
1403638586.327830 6.503605 -10.277091 1.570509 0.177187 0.779356 -0.244410 0.549065
1403638586.427830 6.505521 -10.194651 1.585575 0.184941 0.776640 -0.239504 0.552508
1403638586.527829 6.518809 -10.115435 1.594083 0.191603 0.775628 -0.235347 0.553445
1403638586.627830 6.530382 -10.034192 1.596740 0.189088 0.776186 -0.237222 0.552726
1403638586.727829 6.534211 -9.949542 1.590763 0.185548 0.776112 -0.239775 0.552929
1403638586.827830 6.545736 -9.864054 1.581594 0.182458 0.775289 -0.241763 0.554244
1403638586.927830 6.542687 -9.769561 1.563630 0.182352 0.774577 -0.241221 0.555509
1403638587.027829 6.550662 -9.679446 1.544235 0.181554 0.774400 -0.241526 0.555884
1403638587.127830 6.551619 -9.584811 1.524192 0.180726 0.774544 -0.242057 0.555722
1403638587.227829 6.556789 -9.491319 1.513803 0.180486 0.776817 -0.241542 0.552845
1403638587.327830 6.555259 -9.401072 1.510971 0.180022 0.778376 -0.242027 0.550587
1403638587.427830 6.558870 -9.306100 1.512424 0.178581 0.779000 -0.242992 0.549748
1403638587.527829 6.558723 -9.208804 1.513987 0.177289 0.778710 -0.244011 0.550125
1403638587.627830 6.562770 -9.112912 1.510693 0.176327 0.778655 -0.245266 0.549955
1403638587.727829 6.563965 -9.015564 1.500992 0.176621 0.778478 -0.245239 0.550123
1403638587.827830 6.568388 -8.920625 1.487690 0.175909 0.778007 -0.246452 0.550474
1403638587.927830 6.572616 -8.828265 1.467478 0.175557 0.777641 -0.246924 0.550893
1403638588.027829 6.574760 -8.733549 1.445708 0.175402 0.776969 -0.246976 0.551866
1403638588.127830 6.577951 -8.645245 1.418830 0.178623 0.777334 -0.244698 0.551333
1403638588.227829 6.578518 -8.552742 1.391452 0.184954 0.778247 -0.240045 0.550002
1403638588.327830 6.581534 -8.462644 1.365692 0.185606 0.778895 -0.239111 0.549272
1403638588.427830 6.583211 -8.360402 1.351702 0.185484 0.778753 -0.239028 0.549549
1403638588.527829 6.587044 -8.262683 1.342885 0.183270 0.778504 -0.240465 0.550018
1403638588.627830 6.589792 -8.158713 1.343439 0.181014 0.777846 -0.241680 0.551162
1403638588.727829 6.590622 -8.056593 1.349808 0.178304 0.776164 -0.243629 0.553555
1403638588.827830 6.590537 -7.950620 1.359045 0.177519 0.775512 -0.244403 0.554378
1403638588.927830 6.594198 -7.850662 1.361420 0.176213 0.775322 -0.245903 0.554397
1403638589.027829 6.591035 -7.743586 1.356429 0.176137 0.775278 -0.246623 0.554164
1403638589.127830 6.592323 -7.643418 1.345575 0.177587 0.775504 -0.246170 0.553585
1403638589.227829 6.591270 -7.536447 1.329226 0.177779 0.775164 -0.246165 0.554003
1403638589.327830 6.595793 -7.435870 1.310045 0.177991 0.774554 -0.246304 0.554724
1403638589.427830 6.591174 -7.327527 1.292471 0.177405 0.774601 -0.246560 0.554733
1403638589.527829 6.588985 -7.225549 1.281948 0.177164 0.775006 -0.246570 0.554239
1403638589.627830 6.581356 -7.116062 1.277423 0.177596 0.774813 -0.246357 0.554467
1403638589.727829 6.577368 -7.016196 1.285932 0.176859 0.776619 -0.247120 0.551830
1403638589.827830 6.568038 -6.911509 1.293867 0.176471 0.777442 -0.248066 0.550368
1403638589.927830 6.562451 -6.815054 1.302129 0.177596 0.777987 -0.248042 0.549246
1403638590.027829 6.553007 -6.708689 1.299193 0.176661 0.777524 -0.249496 0.549544
1403638590.127830 6.543480 -6.613144 1.296406 0.177206 0.777030 -0.249692 0.549978
1403638590.227829 6.533054 -6.507339 1.284484 0.177641 0.776158 -0.249998 0.550929
1403638590.327830 6.523396 -6.415493 1.272692 0.177507 0.775900 -0.250135 0.551274
1403638590.427830 6.511925 -6.311798 1.253470 0.177928 0.776905 -0.250400 0.549601
1403638590.527829 6.497643 -6.218290 1.235997 0.176643 0.776979 -0.251169 0.549559
1403638590.627830 6.484476 -6.118134 1.221102 0.175737 0.779017 -0.251648 0.546737
1403638590.727829 6.470373 -6.028398 1.217278 0.173399 0.780063 -0.253018 0.545359
1403638590.827830 6.460153 -5.931607 1.219898 0.173562 0.781125 -0.252808 0.543883
1403638590.927830 6.447457 -5.841401 1.229411 0.172549 0.781659 -0.253468 0.543131
1403638591.027829 6.436301 -5.745146 1.244348 0.171413 0.782399 -0.254689 0.541852
1403638591.127830 6.424568 -5.652802 1.259062 0.170696 0.785033 -0.255468 0.537887
1403638591.227829 6.416132 -5.561121 1.266087 0.169065 0.789972 -0.257193 0.530295
1403638591.327830 6.408864 -5.471578 1.265820 0.165660 0.795603 -0.259869 0.521576
1403638591.427830 6.408203 -5.388648 1.261589 0.163166 0.798773 -0.262106 0.516371
1403638591.527829 6.412902 -5.312470 1.252055 0.160220 0.801313 -0.264496 0.512122
1403638591.627830 6.424694 -5.247655 1.237576 0.158130 0.803364 -0.265991 0.508773
1403638591.727829 6.444839 -5.197974 1.221861 0.157852 0.802270 -0.266669 0.510229
1403638591.827830 6.471099 -5.155866 1.206086 0.159229 0.799891 -0.265441 0.514162
1403638591.927830 6.502193 -5.128399 1.195436 0.160315 0.797297 -0.263975 0.518589
1403638592.027829 6.539721 -5.102258 1.193407 0.160798 0.794667 -0.263336 0.522783
1403638592.127830 6.580627 -5.089098 1.199652 0.160686 0.793167 -0.261842 0.525837
1403638592.227829 6.626633 -5.071805 1.216147 0.156725 0.788517 -0.258447 0.535615
1403638592.327830 6.674170 -5.061234 1.243173 0.149699 0.783815 -0.251652 0.547628
1403638592.427830 6.722208 -5.051832 1.277543 0.138680 0.783439 -0.239925 0.556262
1403638592.527829 6.766221 -5.045446 1.318812 0.128190 0.788718 -0.225370 0.557405
1403638592.627830 6.806460 -5.042230 1.365900 0.121413 0.796169 -0.212228 0.553473
1403638592.727829 6.845924 -5.043234 1.415788 0.115684 0.803421 -0.202803 0.547725
1403638592.827830 6.885502 -5.048049 1.461124 0.110456 0.809804 -0.197321 0.541370
1403638592.927830 6.926062 -5.055708 1.501352 0.108559 0.813314 -0.192982 0.538046
1403638593.027829 6.969272 -5.067489 1.536508 0.107572 0.814738 -0.190388 0.537013
1403638593.127830 7.017235 -5.084035 1.567267 0.107151 0.814800 -0.189319 0.537380
1403638593.227829 7.069674 -5.104957 1.603539 0.110146 0.811382 -0.187337 0.542615
1403638593.327830 7.124249 -5.127642 1.648139 0.118337 0.808755 -0.182594 0.546416
1403638593.427830 7.179154 -5.151365 1.694862 0.128510 0.804143 -0.177016 0.552725
1403638593.527829 7.234396 -5.173820 1.735406 0.133881 0.800394 -0.175107 0.557480
1403638593.627830 7.290650 -5.193023 1.769003 0.136978 0.798435 -0.174885 0.559601
1403638593.727829 7.346853 -5.208307 1.796801 0.138911 0.796502 -0.174585 0.561968
1403638593.827830 7.404433 -5.220619 1.819340 0.137930 0.790182 -0.175571 0.570756
1403638593.927830 7.457420 -5.226929 1.848216 0.132313 0.780955 -0.173340 0.585283
1403638594.027829 7.504520 -5.229184 1.878833 0.124445 0.783396 -0.170545 0.584567
1403638594.127830 7.545117 -5.228812 1.914734 0.118893 0.789346 -0.167597 0.578540
1403638594.227829 7.581237 -5.227131 1.952140 0.118724 0.794192 -0.162616 0.573341
1403638594.327830 7.614695 -5.223425 1.983624 0.119020 0.794454 -0.158350 0.574110
1403638594.427830 7.644095 -5.217045 2.020510 0.123438 0.793056 -0.151996 0.576821
1403638594.527829 7.669994 -5.205267 2.056518 0.122001 0.792737 -0.150797 0.577879
1403638594.627830 7.689640 -5.189819 2.104652 0.116223 0.793257 -0.153254 0.577709
1403638594.727829 7.707185 -5.172085 2.148651 0.112491 0.793780 -0.156230 0.576933
1403638594.827830 7.718335 -5.153107 2.191371 0.110976 0.794092 -0.157948 0.576329
1403638594.927830 7.729734 -5.132610 2.222937 0.110903 0.794932 -0.158992 0.574896
1403638595.027829 7.739786 -5.111356 2.248833 0.110241 0.796456 -0.160642 0.572450
1403638595.127830 7.741494 -5.087092 2.272984 0.110140 0.797338 -0.161807 0.570911
1403638595.227829 7.748367 -5.065416 2.285548 0.110972 0.797804 -0.162175 0.569994
1403638595.327830 7.754150 -5.042763 2.293864 0.111435 0.797894 -0.162438 0.569703
1403638595.427830 7.757559 -5.019716 2.296844 0.111103 0.797727 -0.163309 0.569753
1403638595.527829 7.759277 -4.996509 2.295249 0.111151 0.798311 -0.163329 0.568919
1403638595.627830 7.759938 -4.972858 2.294693 0.111761 0.798924 -0.162641 0.568135
1403638595.727829 7.752165 -4.945368 2.306998 0.115990 0.799402 -0.159661 0.567460
1403638595.827830 7.749192 -4.920412 2.312734 0.118777 0.800219 -0.158088 0.566171
1403638595.927830 7.746685 -4.893342 2.310948 0.120042 0.799962 -0.157546 0.566418
1403638596.027829 7.743722 -4.864940 2.295751 0.124066 0.799731 -0.154896 0.566609
1403638596.127830 7.740155 -4.832793 2.274284 0.134352 0.800852 -0.148048 0.564507
1403638596.227829 7.736101 -4.794107 2.256549 0.146234 0.802825 -0.139401 0.560942
1403638596.327830 7.731402 -4.746121 2.250322 0.157139 0.803932 -0.131256 0.558366
1403638596.427830 7.731844 -4.690364 2.248910 0.163835 0.803857 -0.125721 0.557822
1403638596.527829 7.732862 -4.621990 2.260245 0.170403 0.803642 -0.120102 0.557402
1403638596.627830 7.741445 -4.541257 2.276026 0.177629 0.804115 -0.114287 0.555684
1403638596.727829 7.753374 -4.444279 2.299443 0.183888 0.804713 -0.109392 0.553764
1403638596.827830 7.770162 -4.332262 2.334144 0.187956 0.804358 -0.105972 0.553580
1403638596.927830 7.792351 -4.202040 2.369585 0.190290 0.803339 -0.104029 0.554630
1403638597.027829 7.817324 -4.057988 2.406317 0.191935 0.802336 -0.104046 0.555511
1403638597.127830 7.847980 -3.898511 2.436881 0.194608 0.800745 -0.103081 0.557054
1403638597.227829 7.882093 -3.722715 2.460815 0.195042 0.798616 -0.104389 0.559709
1403638597.327830 7.919236 -3.531294 2.476834 0.191377 0.796552 -0.108092 0.563202
1403638597.427830 7.959465 -3.325297 2.487121 0.185252 0.794512 -0.113826 0.566988
1403638597.527829 8.000174 -3.105273 2.495338 0.173258 0.790078 -0.122861 0.575034
1403638597.627830 8.038305 -2.875102 2.497829 0.164050 0.786737 -0.130252 0.580661
1403638597.727829 8.072564 -2.637477 2.496143 0.163619 0.785926 -0.130878 0.581739
1403638597.827830 8.104427 -2.392915 2.489621 0.168803 0.788530 -0.121094 0.578846
1403638597.927830 8.133260 -2.139243 2.477749 0.172858 0.791182 -0.109742 0.576287
1403638598.027829 8.161351 -1.875170 2.466187 0.170536 0.792157 -0.103221 0.576845
1403638598.127830 8.189687 -1.598678 2.461799 0.155029 0.792667 -0.107179 0.579791
1403638598.227829 8.213907 -1.313040 2.462926 0.134196 0.793673 -0.116833 0.581743
1403638598.327830 8.235996 -1.024138 2.465826 0.119775 0.796216 -0.124155 0.579896
1403638598.427830 8.258090 -0.736306 2.463363 0.112639 0.798230 -0.127710 0.577781
1403638598.527829 8.278762 -0.449855 2.455141 0.108781 0.799900 -0.127555 0.576244
1403638598.627830 8.296731 -0.165406 2.438182 0.103960 0.803158 -0.122454 0.573703
1403638598.727829 8.314185 0.124555 2.420235 0.097443 0.805063 -0.111873 0.574337
1403638598.827830 8.330121 0.403340 2.405615 0.088527 0.806214 -0.099142 0.576500
1403638598.927830 8.343371 0.679542 2.395960 0.079184 0.808738 -0.083548 0.576795
1403638599.027829 8.354496 0.953153 2.389549 0.066467 0.810545 -0.067822 0.577927
1403638599.127830 8.365082 1.224641 2.390409 0.055537 0.811741 -0.049568 0.579254
1403638599.227829 8.371757 1.494471 2.395165 0.044000 0.813279 -0.031010 0.579379
1403638599.327830 8.375746 1.763200 2.406611 0.030809 0.815298 -0.012929 0.578077
1403638599.427830 8.376211 2.029446 2.424950 0.021340 0.818142 0.003639 0.574608
1403638599.527829 8.376309 2.295378 2.445261 0.014401 0.820307 0.014776 0.571551
1403638599.627830 8.375382 2.560405 2.459440 0.008527 0.821954 0.020103 0.569136
1403638599.727829 8.373154 2.823199 2.464737 0.006346 0.823140 0.023333 0.567324
1403638599.827830 8.373957 3.085470 2.461261 0.005297 0.823774 0.022491 0.566447
1403638599.927830 8.377199 3.345074 2.453761 0.002503 0.825007 0.018725 0.564807
1403638600.027829 8.383844 3.599344 2.444573 -0.002584 0.824397 0.012219 0.565875
1403638600.127830 8.395559 3.856970 2.425831 -0.010672 0.826503 0.002667 0.562825
1403638600.227829 8.409158 4.103337 2.406865 -0.022583 0.829309 -0.008998 0.558262
1403638600.327830 8.425135 4.340951 2.383647 -0.031425 0.831010 -0.018592 0.555058
1403638600.427830 8.444818 4.567009 2.363128 -0.039287 0.832237 -0.026926 0.552371
1403638600.527829 8.469718 4.777746 2.352125 -0.040517 0.832956 -0.029741 0.551051
1403638600.627830 8.499777 4.974451 2.350395 -0.040111 0.834291 -0.031097 0.548983
1403638600.727829 8.533496 5.157549 2.355317 -0.040651 0.836440 -0.032300 0.545593
1403638600.827830 8.573503 5.327342 2.365502 -0.037097 0.840384 -0.029185 0.539932
1403638600.927830 8.620551 5.482112 2.378716 -0.021507 0.843557 -0.016762 0.536347
1403638601.027829 8.675328 5.627111 2.387514 -0.008041 0.844423 -0.005602 0.535588
1403638601.127830 8.739311 5.766569 2.391084 -0.001444 0.843255 0.000105 0.537512
1403638601.227829 8.810800 5.902529 2.389708 0.007275 0.840290 0.007393 0.542037
1403638601.327830 8.888707 6.038245 2.385684 0.013554 0.832911 0.013925 0.553066
1403638601.427830 8.970617 6.177511 2.382299 0.003091 0.828531 0.016410 0.559695
1403638601.527829 9.054585 6.319104 2.385798 -0.008661 0.824305 0.025980 0.565484
1403638601.627830 9.138264 6.459952 2.395837 -0.019790 0.820938 0.042974 0.569054
1403638601.727829 9.221719 6.600222 2.411866 -0.031957 0.818323 0.066033 0.570057
1403638601.827830 9.302830 6.739502 2.435987 -0.045542 0.813911 0.093765 0.571562
1403638601.927830 9.380578 6.880228 2.465826 -0.059721 0.809285 0.121413 0.571621
1403638602.027829 9.455611 7.022016 2.492941 -0.072796 0.806850 0.141601 0.568896
1403638602.127830 9.527788 7.164707 2.513158 -0.081044 0.803727 0.156976 0.568167
1403638602.227829 9.595133 7.310107 2.527378 -0.086610 0.797356 0.173751 0.571430
1403638602.327830 9.657416 7.458806 2.538343 -0.100011 0.788695 0.189838 0.576124
1403638602.427830 9.712940 7.610972 2.555194 -0.132167 0.772876 0.197518 0.588372
1403638602.527829 9.759107 7.760267 2.581801 -0.167818 0.749246 0.202654 0.607782
1403638602.627830 9.791797 7.898137 2.615489 -0.197080 0.732222 0.210669 0.616951
1403638602.727829 9.808463 8.018672 2.652789 -0.212197 0.725929 0.227547 0.613370
1403638602.827830 9.808928 8.121787 2.695961 -0.220408 0.722082 0.248749 0.606747
1403638602.927830 9.793976 8.208889 2.742351 -0.234498 0.720386 0.266846 0.595691
1403638603.027829 9.768340 8.282804 2.788162 -0.256315 0.718947 0.280463 0.582029
1403638603.127830 9.737193 8.344980 2.830101 -0.273132 0.711117 0.294424 0.577084
1403638603.227829 9.698301 8.390608 2.862126 -0.277604 0.710443 0.310365 0.567346
1403638603.327830 9.654267 8.424577 2.882964 -0.271391 0.722326 0.327100 0.545524
1403638603.427830 9.607784 8.450273 2.896951 -0.265555 0.733216 0.338250 0.526747
1403638603.527829 9.562109 8.472815 2.908079 -0.263511 0.736837 0.343457 0.519298
1403638603.627830 9.516716 8.492305 2.916022 -0.267794 0.730848 0.345613 0.524118
1403638603.727829 9.470431 8.506082 2.917699 -0.264792 0.722491 0.350462 0.533918
1403638603.827830 9.419341 8.513964 2.912378 -0.258478 0.714537 0.355755 0.544118
1403638603.927830 9.362634 8.517761 2.899004 -0.251581 0.707313 0.360207 0.553774
1403638604.027829 9.299413 8.517882 2.878708 -0.246197 0.702216 0.362788 0.560950
1403638604.127830 9.224157 8.518120 2.858944 -0.242452 0.699229 0.364298 0.565317
1403638604.227829 9.141565 8.512698 2.845828 -0.245649 0.700598 0.362850 0.563169
1403638604.327830 9.045257 8.504062 2.841089 -0.252363 0.707108 0.358885 0.554539
1403638604.427830 8.942466 8.490098 2.841435 -0.254631 0.715245 0.357645 0.543762
1403638604.527829 8.834415 8.471063 2.850165 -0.251792 0.722492 0.359755 0.534025
1403638604.627830 8.723945 8.450706 2.858012 -0.250856 0.725600 0.360636 0.529640
1403638604.727829 8.612568 8.430002 2.859800 -0.255003 0.728239 0.357982 0.525823
1403638604.827830 8.500691 8.406837 2.858541 -0.258366 0.730534 0.355682 0.522549
1403638604.927830 8.390661 8.381190 2.859011 -0.256918 0.734616 0.356795 0.516749
1403638605.027829 8.282525 8.354797 2.864441 -0.254115 0.741774 0.358930 0.506327
1403638605.127830 8.175621 8.328058 2.878355 -0.251329 0.747130 0.360935 0.498353
1403638605.227829 8.073855 8.303052 2.898616 -0.248389 0.748911 0.363094 0.495579
1403638605.327830 7.977220 8.284936 2.916288 -0.243684 0.747839 0.366414 0.497087
1403638605.427830 7.884416 8.273573 2.930036 -0.236871 0.740183 0.371460 0.507975
1403638605.527829 7.790081 8.265132 2.936761 -0.230819 0.729929 0.375907 0.522130
1403638605.627830 7.694791 8.260965 2.937586 -0.224642 0.722467 0.380329 0.531909
1403638605.727829 7.595234 8.261751 2.936990 -0.221829 0.719176 0.382439 0.536021
1403638605.827830 7.490960 8.266859 2.946261 -0.220374 0.719725 0.383314 0.535259
1403638605.927830 7.378790 8.280208 2.960412 -0.217462 0.719174 0.384841 0.536093
1403638606.027829 7.261906 8.298107 2.980942 -0.213427 0.718473 0.386556 0.537420
1403638606.127830 7.136703 8.322794 2.992525 -0.210520 0.718558 0.387436 0.537819
1403638606.227829 7.004591 8.351177 3.001448 -0.207395 0.718737 0.388873 0.537758
1403638606.327830 6.865462 8.385915 2.998194 -0.208675 0.722659 0.387004 0.533336
1403638606.427830 6.718837 8.425300 2.991604 -0.215614 0.732933 0.381224 0.520564
1403638606.527829 6.569731 8.470609 2.976461 -0.224234 0.743482 0.374446 0.506699
1403638606.627830 6.420835 8.520827 2.957095 -0.229801 0.749497 0.373171 0.496175
1403638606.727829 6.277738 8.579059 2.932548 -0.233882 0.750882 0.379738 0.487109
1403638606.827830 6.138875 8.643366 2.904840 -0.240520 0.748280 0.390922 0.478964
1403638606.927830 6.005960 8.715427 2.879605 -0.250283 0.742200 0.405280 0.471429
1403638607.027829 5.880655 8.795985 2.860928 -0.263643 0.733923 0.420234 0.463953
1403638607.127830 5.762613 8.881723 2.851954 -0.280532 0.726307 0.429841 0.457182
1403638607.227829 5.652363 8.974463 2.848861 -0.295073 0.713594 0.436054 0.462140
1403638607.327830 5.548535 9.069917 2.840635 -0.308024 0.701775 0.438126 0.469764
1403638607.427830 5.449096 9.166943 2.823296 -0.317286 0.695189 0.438756 0.472795
1403638607.527829 5.355465 9.262657 2.796761 -0.321614 0.694267 0.439362 0.470658
1403638607.627830 5.266558 9.355392 2.765189 -0.322786 0.693015 0.440626 0.470518
1403638607.727829 5.182100 9.446480 2.731095 -0.322432 0.690645 0.441003 0.473881
1403638607.827830 5.101730 9.535510 2.693381 -0.321679 0.691289 0.440663 0.473770
1403638607.927830 5.025293 9.620529 2.653160 -0.324038 0.695520 0.437275 0.469086
1403638608.027829 4.953918 9.705828 2.607150 -0.326206 0.697266 0.433657 0.468349
1403638608.127830 4.888738 9.789208 2.557138 -0.324606 0.694675 0.432655 0.474202
1403638608.227829 4.827425 9.867564 2.503040 -0.321098 0.690685 0.433209 0.481850
1403638608.327830 4.768599 9.943054 2.443923 -0.321071 0.685733 0.431686 0.490235
1403638608.427830 4.709823 10.013911 2.381462 -0.321618 0.682176 0.430883 0.495518
1403638608.527829 4.652898 10.080258 2.312268 -0.319963 0.684057 0.431607 0.493361
1403638608.627830 4.594317 10.144252 2.241182 -0.322077 0.683306 0.429240 0.495087
1403638608.727829 4.537971 10.200824 2.175143 -0.326006 0.680526 0.427021 0.498255
1403638608.827830 4.481402 10.247680 2.112465 -0.324399 0.683212 0.428412 0.494419
1403638608.927830 4.424942 10.292778 2.056776 -0.322729 0.687136 0.429795 0.488841
1403638609.027829 4.370121 10.330674 2.007736 -0.322965 0.690827 0.429986 0.483284
1403638609.127830 4.317813 10.365126 1.965958 -0.321892 0.692315 0.430730 0.481203
1403638609.227829 4.268062 10.394172 1.928228 -0.328778 0.692317 0.425868 0.480872
1403638609.327830 4.221285 10.418924 1.886946 -0.332629 0.692728 0.422867 0.480282
1403638609.427830 4.179311 10.439133 1.837287 -0.329596 0.692640 0.424839 0.480758
1403638609.527829 4.138810 10.455713 1.781539 -0.325861 0.692708 0.426989 0.481300
1403638609.627830 4.101810 10.472040 1.718954 -0.323917 0.692721 0.427935 0.481754
1403638609.727829 4.067314 10.482874 1.653274 -0.320914 0.691541 0.430132 0.483499
1403638609.827830 4.033842 10.500209 1.589990 -0.321281 0.692593 0.429858 0.481990
1403638609.927830 4.004306 10.506618 1.537105 -0.321498 0.692185 0.429630 0.482635
1403638610.027829 3.980678 10.514253 1.491428 -0.323862 0.691023 0.428068 0.484106
1403638610.127830 3.956530 10.514889 1.454040 -0.326981 0.688173 0.425783 0.488068
1403638610.227829 3.934438 10.511720 1.416102 -0.328314 0.685402 0.424792 0.491920
1403638610.327830 3.913162 10.503931 1.371607 -0.329540 0.684515 0.423560 0.493396
1403638610.427830 3.894746 10.493358 1.320853 -0.330870 0.684167 0.422308 0.494061
1403638610.527829 3.874420 10.475696 1.265447 -0.330437 0.681218 0.422219 0.498482
1403638610.627830 3.854439 10.451194 1.207914 -0.335973 0.674062 0.418205 0.507806
1403638610.727829 3.832361 10.418528 1.151175 -0.336201 0.674759 0.418485 0.506497
1403638610.827830 3.808817 10.380293 1.098892 -0.332967 0.682080 0.421916 0.495870
1403638610.927830 3.788516 10.336059 1.056763 -0.331341 0.685027 0.424475 0.490685
1403638611.027829 3.769403 10.288774 1.015111 -0.334079 0.684023 0.422654 0.491800
1403638611.127830 3.749800 10.236148 0.968559 -0.336553 0.681378 0.421593 0.494688
1403638611.227829 3.732907 10.177030 0.920886 -0.336340 0.680823 0.422564 0.494768
1403638611.327830 3.716645 10.109779 0.877091 -0.333643 0.680152 0.424917 0.495501
1403638611.427830 3.699795 10.035866 0.838730 -0.322955 0.675509 0.432030 0.502731
1403638611.527829 3.677223 9.959401 0.802695 -0.312196 0.672633 0.438908 0.507404
1403638611.627830 3.650511 9.879234 0.774688 -0.306975 0.674515 0.441444 0.505889
1403638611.727829 3.620096 9.796503 0.750527 -0.308920 0.678675 0.439643 0.500683
1403638611.827830 3.587168 9.712681 0.722377 -0.315316 0.684520 0.434612 0.493073
1403638611.927830 3.555563 9.630804 0.690362 -0.318994 0.689319 0.431108 0.487061
1403638612.027829 3.524319 9.546730 0.658295 -0.320677 0.692010 0.429458 0.483584
1403638612.127830 3.495341 9.464190 0.628849 -0.322097 0.693898 0.427865 0.481342
1403638612.227829 3.468731 9.380485 0.610008 -0.321300 0.694432 0.428009 0.480977
1403638612.327830 3.445841 9.298252 0.595699 -0.320752 0.694076 0.428298 0.481599
1403638612.427830 3.425786 9.213822 0.584107 -0.319977 0.693036 0.428067 0.483812
1403638612.527829 3.406305 9.129138 0.566079 -0.317977 0.691022 0.427970 0.488079
1403638612.627830 3.388448 9.044418 0.542444 -0.313186 0.689348 0.429840 0.491885
1403638612.727829 3.363513 8.953501 0.507694 -0.308943 0.687558 0.430822 0.496196
1403638612.827830 3.342141 8.869515 0.473015 -0.307939 0.686641 0.429201 0.499485
1403638612.927830 3.313352 8.778282 0.437580 -0.308908 0.686208 0.426670 0.501645
1403638613.027829 3.286358 8.693741 0.412055 -0.308739 0.688701 0.425680 0.499167
1403638613.127830 3.255775 8.606748 0.394673 -0.308952 0.690218 0.424801 0.497686
1403638613.227829 3.221367 8.516396 0.379659 -0.308928 0.691955 0.424425 0.495606
1403638613.327830 3.189589 8.429778 0.376293 -0.307929 0.692537 0.424960 0.494956
1403638613.427830 3.153073 8.337473 0.373586 -0.307245 0.691817 0.425405 0.496003
1403638613.527829 3.118190 8.250746 0.368011 -0.308338 0.691737 0.421940 0.498390
1403638613.627830 3.082691 8.163843 0.356428 -0.310193 0.693350 0.415749 0.500199
1403638613.727829 3.043622 8.068328 0.337231 -0.314195 0.692342 0.409093 0.504565
1403638613.827830 3.006194 7.978577 0.310716 -0.313980 0.692882 0.401727 0.509849
1403638613.927830 2.966841 7.878368 0.277758 -0.308701 0.697069 0.392937 0.514198
1403638614.027829 2.929458 7.779053 0.241288 -0.298141 0.704232 0.382232 0.518717
1403638614.127830 2.890484 7.673957 0.201407 -0.285207 0.713753 0.369257 0.522362
1403638614.227829 2.849653 7.564572 0.164645 -0.271689 0.723756 0.355977 0.525016
1403638614.327830 2.806245 7.450979 0.132318 -0.261875 0.731682 0.344723 0.526526
1403638614.427830 2.761181 7.335943 0.107677 -0.256681 0.737518 0.335044 0.527188
1403638614.527829 2.715509 7.222280 0.092697 -0.253745 0.742008 0.326888 0.527429
1403638614.627830 2.669972 7.108640 0.085119 -0.250181 0.746563 0.316817 0.528848
1403638614.727829 2.628305 6.997148 0.089305 -0.247761 0.754156 0.302579 0.527549
1403638614.827830 2.590662 6.886354 0.104821 -0.242604 0.764922 0.285566 0.523918
1403638614.927830 2.557872 6.772608 0.127199 -0.231929 0.775353 0.267969 0.522713
1403638615.027829 2.534000 6.661094 0.157138 -0.217393 0.784500 0.247343 0.525473
1403638615.127830 2.515990 6.547440 0.190446 -0.196871 0.791043 0.225991 0.533311
1403638615.227829 2.502592 6.430622 0.229204 -0.172632 0.793157 0.204945 0.546898
1403638615.327830 2.491687 6.313200 0.267178 -0.150499 0.796271 0.180819 0.557321
1403638615.427830 2.481354 6.195648 0.299541 -0.129715 0.799814 0.154894 0.565225
1403638615.527829 2.469790 6.075290 0.324534 -0.110225 0.803804 0.129453 0.570080
1403638615.627830 2.457464 5.955259 0.344046 -0.095098 0.806308 0.108444 0.573641
1403638615.727829 2.444689 5.836462 0.363712 -0.085101 0.808193 0.093711 0.575153
1403638615.827830 2.431605 5.720377 0.391036 -0.078345 0.809470 0.082866 0.575981
1403638615.927830 2.416536 5.604829 0.422320 -0.073194 0.810530 0.070256 0.576843
1403638616.027829 2.399645 5.487597 0.447903 -0.065109 0.812170 0.058398 0.576827
1403638616.127830 2.380719 5.368425 0.464266 -0.055396 0.813140 0.045786 0.577614
1403638616.227829 2.360944 5.250700 0.464538 -0.045634 0.814622 0.029358 0.577449
1403638616.327830 2.339717 5.131664 0.448828 -0.033178 0.815619 0.010328 0.577545
1403638616.427830 2.318233 5.008618 0.422634 -0.020351 0.816311 -0.008555 0.577191
1403638616.527829 2.295754 4.884701 0.392227 -0.010982 0.817148 -0.024088 0.575820
1403638616.627830 2.273401 4.763184 0.357678 -0.003149 0.820110 -0.035001 0.571125
1403638616.727829 2.252367 4.641187 0.319432 -0.001486 0.827324 -0.044568 0.559952
1403638616.827830 2.237219 4.520711 0.277627 -0.006197 0.834952 -0.053723 0.547659
1403638616.927830 2.229509 4.399902 0.239153 -0.006431 0.837081 -0.056589 0.544107
1403638617.027829 2.228273 4.273896 0.211635 0.000683 0.833843 -0.051791 0.549567
1403638617.127830 2.231685 4.144009 0.192794 0.007703 0.829965 -0.045034 0.555942
1403638617.227829 2.238346 4.011096 0.180328 0.011174 0.829783 -0.039393 0.556581
1403638617.327830 2.249043 3.880085 0.172576 0.010390 0.832969 -0.036442 0.552020
1403638617.427830 2.263897 3.749379 0.171373 0.011049 0.837120 -0.032791 0.545924
1403638617.527829 2.284669 3.622808 0.179229 0.010800 0.838879 -0.029503 0.543411
1403638617.627830 2.312119 3.501435 0.196288 0.010724 0.838412 -0.026682 0.544277
1403638617.727829 2.348385 3.382677 0.221864 0.012523 0.836697 -0.022531 0.547059
1403638617.827830 2.389565 3.268829 0.254414 0.012838 0.836574 -0.019885 0.547342
1403638617.927830 2.435831 3.159927 0.294147 0.011420 0.835399 -0.018867 0.549201
1403638618.027829 2.487150 3.052367 0.331902 0.010400 0.834943 -0.017721 0.549953
1403638618.127830 2.541123 2.947296 0.363750 0.008381 0.835041 -0.017253 0.549853
1403638618.227829 2.600530 2.844955 0.388919 0.007839 0.834805 -0.016116 0.550254
1403638618.327830 2.662189 2.746725 0.409500 0.008205 0.834121 -0.014621 0.551326
1403638618.427830 2.727497 2.650357 0.426522 0.008039 0.834021 -0.013588 0.551506
1403638618.527829 2.796346 2.558176 0.442546 0.007455 0.833479 -0.012458 0.552361
1403638618.627830 2.868885 2.466535 0.455416 0.010129 0.833128 -0.014331 0.552801
1403638618.727829 2.945056 2.379807 0.469898 0.014314 0.832900 -0.016617 0.552989
1403638618.827830 3.025388 2.296283 0.489225 0.015630 0.831737 -0.020614 0.554567
1403638618.927830 3.108927 2.216492 0.513554 0.020453 0.829104 -0.025968 0.558116
1403638619.027829 3.194766 2.138740 0.534180 0.029143 0.824693 -0.037286 0.563597
1403638619.127830 3.280696 2.062600 0.547042 0.043150 0.821104 -0.053152 0.566658
1403638619.227829 3.366874 1.989665 0.552956 0.056938 0.817508 -0.074893 0.568181
1403638619.327830 3.452629 1.919672 0.551218 0.072456 0.813901 -0.099807 0.567762
1403638619.427830 3.536773 1.853139 0.542029 0.085796 0.809322 -0.123241 0.567846
1403638619.527829 3.622076 1.790211 0.530802 0.094130 0.805344 -0.141646 0.567888
1403638619.627830 3.706791 1.730134 0.517802 0.096951 0.802354 -0.157175 0.567560
1403638619.727829 3.790180 1.669933 0.501847 0.091480 0.799678 -0.172045 0.567932
1403638619.827830 3.870850 1.607456 0.484235 0.089162 0.796845 -0.181016 0.569493
1403638619.927830 3.947065 1.543529 0.461719 0.089722 0.795300 -0.186041 0.569944
1403638620.027829 4.018607 1.475555 0.442051 0.092381 0.794045 -0.188044 0.570611
1403638620.127830 4.084368 1.404613 0.422759 0.095798 0.791254 -0.188127 0.573888
1403638620.227829 4.142755 1.331353 0.414538 0.098593 0.788981 -0.187603 0.576709
1403638620.327830 4.195731 1.256089 0.409718 0.102630 0.790640 -0.185123 0.574530
1403638620.427830 4.239048 1.180753 0.415414 0.103983 0.791714 -0.183439 0.573346
1403638620.527829 4.280871 1.103047 0.421416 0.104584 0.792983 -0.181255 0.572178
1403638620.627830 4.315208 1.026400 0.424839 0.102716 0.795121 -0.180512 0.569779
1403638620.727829 4.350639 0.947416 0.421368 0.098858 0.798311 -0.181146 0.565785
1403638620.827830 4.381983 0.868487 0.412577 0.097578 0.801333 -0.179700 0.562184
1403638620.927830 4.408009 0.789589 0.401593 0.102629 0.803187 -0.173701 0.560524
1403638621.027829 4.439085 0.707658 0.386825 0.107310 0.802413 -0.167844 0.562536
1403638621.127830 4.462656 0.628192 0.373142 0.107918 0.801261 -0.164794 0.564958
1403638621.227829 4.491024 0.549173 0.366873 0.107588 0.799719 -0.162413 0.567888
1403638621.327830 4.518236 0.472425 0.367692 0.109128 0.800235 -0.159367 0.567730
1403638621.427830 4.543638 0.398192 0.367399 0.109030 0.799034 -0.157304 0.570011
1403638621.527829 4.567081 0.327603 0.361172 0.109963 0.797005 -0.154892 0.573323
1403638621.627830 4.585175 0.264568 0.352027 0.109923 0.795365 -0.153375 0.576009
1403638621.727829 4.604907 0.200183 0.336038 0.110161 0.794511 -0.152332 0.577417
1403638621.827830 4.617961 0.145054 0.317689 0.111700 0.792251 -0.150614 0.580670
1403638621.927830 4.629387 0.087802 0.295599 0.113107 0.788815 -0.149049 0.585459
1403638622.027829 4.635392 0.038237 0.270560 0.112364 0.787266 -0.149167 0.587652
1403638622.127830 4.635472 -0.000683 0.242946 0.109964 0.787931 -0.151287 0.586673
1403638622.227829 4.632520 -0.043159 0.213721 0.107590 0.788243 -0.153054 0.586236
1403638622.327830 4.624046 -0.081309 0.190902 0.105381 0.788210 -0.155088 0.586146
1403638622.427830 4.609598 -0.116536 0.177320 0.107885 0.789070 -0.154516 0.584684
1403638622.527829 4.587195 -0.141199 0.174498 0.111028 0.789122 -0.153354 0.584330
1403638622.627830 4.564265 -0.172715 0.174403 0.115986 0.787574 -0.150865 0.586101
1403638622.727829 4.533805 -0.191465 0.189229 0.119372 0.779609 -0.149257 0.596391
1403638622.827830 4.500799 -0.213285 0.206880 0.121283 0.769952 -0.148792 0.608543
1403638622.927830 4.460000 -0.223441 0.228723 0.120919 0.770038 -0.150000 0.608211
1403638623.027829 4.409855 -0.229432 0.244971 0.118324 0.776206 -0.153009 0.600076
1403638623.127830 4.351630 -0.231605 0.254804 0.114359 0.781913 -0.156623 0.592455
1403638623.227829 4.285449 -0.227021 0.260139 0.110425 0.784960 -0.159561 0.588375
1403638623.327830 4.215286 -0.222989 0.260277 0.107989 0.788410 -0.161405 0.583693
1403638623.427830 4.142625 -0.220739 0.255706 0.108109 0.791161 -0.161510 0.579906
1403638623.527829 4.066351 -0.215840 0.250174 0.106776 0.791688 -0.162348 0.579200
1403638623.627830 3.987302 -0.211304 0.249939 0.109616 0.791089 -0.161084 0.579840
1403638623.727829 3.903624 -0.205612 0.256659 0.111345 0.791781 -0.160729 0.578664
1403638623.827830 3.816146 -0.197878 0.269579 0.113033 0.792627 -0.160457 0.577251
1403638623.927830 3.725497 -0.189650 0.285334 0.114626 0.794363 -0.161120 0.574360
1403638624.027829 3.631754 -0.179805 0.295787 0.114821 0.795029 -0.162286 0.573069
1403638624.127830 3.537435 -0.167922 0.302010 0.112609 0.795485 -0.165173 0.572050
1403638624.227829 3.443586 -0.156206 0.304807 0.110127 0.795438 -0.168085 0.571750
1403638624.327830 3.346305 -0.143625 0.301000 0.109053 0.794692 -0.170074 0.572405
1403638624.427830 3.249859 -0.131441 0.293761 0.108997 0.794438 -0.171400 0.572372
1403638624.527829 3.155879 -0.121144 0.286803 0.107907 0.791330 -0.173730 0.576169
1403638624.627830 3.054690 -0.109935 0.271544 0.105415 0.781608 -0.176157 0.589021
1403638624.727829 2.950954 -0.099698 0.256939 0.109734 0.784089 -0.169391 0.586915
1403638624.827830 2.852737 -0.090909 0.253035 0.112834 0.791187 -0.159780 0.579449
1403638624.927830 2.740017 -0.075769 0.253159 0.110189 0.795648 -0.154399 0.575294
1403638625.027829 2.639263 -0.064864 0.260249 0.102876 0.797283 -0.152667 0.574847
1403638625.127830 2.527078 -0.049181 0.262116 0.094631 0.798293 -0.153230 0.574712
1403638625.227829 2.429787 -0.040012 0.261746 0.090476 0.799540 -0.152337 0.573885
1403638625.327830 2.318566 -0.026875 0.256792 0.089175 0.799844 -0.150880 0.574049
1403638625.427830 2.220117 -0.020613 0.255668 0.088663 0.799765 -0.149651 0.574560
1403638625.527829 2.109410 -0.010087 0.258567 0.088624 0.799569 -0.149154 0.574968
1403638625.627830 2.001356 -0.002271 0.268857 0.089142 0.801047 -0.148940 0.572882
1403638625.727829 1.900384 0.001494 0.285326 0.088014 0.804012 -0.149701 0.568689
1403638625.827830 1.791757 0.008225 0.297854 0.087276 0.808345 -0.150728 0.562355
1403638625.927830 1.686767 0.010446 0.308462 0.088459 0.809352 -0.150477 0.560786
1403638626.027829 1.582695 0.011934 0.311894 0.088377 0.810077 -0.151499 0.559475
1403638626.127830 1.481924 0.012166 0.310312 0.086679 0.810485 -0.153408 0.558629
1403638626.227829 1.387031 0.010347 0.302814 0.088283 0.810344 -0.152805 0.558748
1403638626.327830 1.292528 0.006498 0.293121 0.094633 0.808436 -0.148936 0.561511
1403638626.427830 1.199846 0.003063 0.280455 0.100269 0.806293 -0.144805 0.564686
1403638626.527829 1.106015 0.001396 0.263091 0.101697 0.807555 -0.143412 0.562979
1403638626.627830 1.017673 -0.000933 0.247607 0.100455 0.809640 -0.144160 0.560009
1403638626.727829 0.931653 -0.002071 0.234069 0.098710 0.812472 -0.144886 0.556016
1403638626.827830 0.847669 -0.002477 0.225837 0.096951 0.815664 -0.145823 0.551388
1403638626.927830 0.772903 -0.003662 0.227181 0.096933 0.817935 -0.145330 0.548148
1403638627.027829 0.699940 -0.004486 0.229618 0.096275 0.817990 -0.145106 0.548241
1403638627.127830 0.636816 -0.006118 0.229848 0.095520 0.817785 -0.144957 0.548718
1403638627.227829 0.575711 -0.008774 0.224914 0.094895 0.817678 -0.144746 0.549042
1403638627.327830 0.520470 -0.011256 0.217291 0.097511 0.817713 -0.142470 0.549126
1403638627.427830 0.473379 -0.014123 0.203259 0.098693 0.817639 -0.141424 0.549295
1403638627.527829 0.430343 -0.017301 0.192170 0.098384 0.817309 -0.141705 0.549769
1403638627.627830 0.392904 -0.019803 0.178533 0.101639 0.815276 -0.140196 0.552575
1403638627.727829 0.360586 -0.022007 0.163528 0.102548 0.812239 -0.139948 0.556926
1403638627.827830 0.346780 -0.019265 0.143143 0.103891 0.810943 -0.139746 0.558613
1403638627.927830 0.316891 -0.019486 0.127798 0.104636 0.812106 -0.139696 0.556795
1403638628.027829 0.287443 -0.018021 0.113161 0.105800 0.813678 -0.139613 0.554294
1403638628.127830 0.260789 -0.013717 0.099862 0.106353 0.814630 -0.140138 0.552655
1403638628.227829 0.238493 -0.008146 0.087730 0.106706 0.814738 -0.140853 0.552247
1403638628.327830 0.224767 0.000076 0.077830 0.106357 0.815397 -0.142006 0.551045
1403638628.427830 0.225705 0.008825 0.066016 0.103855 0.815035 -0.144113 0.551510
1403638628.527829 0.220250 0.018022 0.062490 0.095546 0.809193 -0.150444 0.559861
1403638628.627830 0.215250 0.026320 0.061041 0.089266 0.802402 -0.155116 0.569317
1403638628.727829 0.230550 0.035725 0.058179 0.086931 0.801997 -0.156934 0.569751
1403638628.827830 0.224672 0.041720 0.056059 0.090601 0.803506 -0.154951 0.567591
1403638628.927830 0.211964 0.045740 0.044997 0.095050 0.803568 -0.152544 0.567428
1403638629.027829 0.199050 0.049116 0.034319 0.100040 0.804567 -0.149108 0.566066
1403638629.127830 0.191629 0.049098 0.025421 0.103456 0.805880 -0.146294 0.564316
1403638629.227829 0.181451 0.053159 0.018797 0.105151 0.806879 -0.144788 0.562962
1403638629.327830 0.170736 0.058744 0.014098 0.106491 0.807649 -0.144098 0.561782
1403638629.427830 0.163076 0.066202 0.012147 0.106058 0.811718 -0.145034 0.555725
1403638629.527829 0.162433 0.073139 0.011808 0.103288 0.816347 -0.147592 0.548750
1403638629.627830 0.165568 0.080258 0.013394 0.096197 0.816650 -0.152978 0.548112
1403638629.727829 0.171607 0.085766 0.016959 0.086069 0.812623 -0.160644 0.553561
1403638629.827830 0.178290 0.088499 0.019635 0.082189 0.806595 -0.163869 0.561958
1403638629.927830 0.184966 0.087464 0.015314 0.087364 0.800438 -0.161202 0.570684
1403638630.027829 0.189038 0.084034 0.002426 0.098315 0.794589 -0.154043 0.578993
1403638630.127830 0.189813 0.081137 -0.021963 0.104926 0.794992 -0.149430 0.578489
1403638630.227829 0.188161 0.079848 -0.053977 0.107504 0.799106 -0.147360 0.572851
1403638630.327830 0.185047 0.080079 -0.091814 0.109872 0.805775 -0.146913 0.563091
1403638630.427830 0.193814 0.083642 -0.093998 0.095138 0.811977 -0.153330 0.555096
1403638630.527829 0.204701 0.084426 -0.086090 0.104235 0.802427 -0.145993 0.569150
1403638630.627830 0.214248 0.085923 -0.098311 0.105002 0.801632 -0.146326 0.570044
1403638630.727829 0.219196 0.083270 -0.116162 0.095368 0.827890 -0.139514 0.534826
1403638630.827830 0.210494 0.079753 -0.121371 0.099727 0.825336 -0.141463 0.537460
1403638630.927830 0.204815 0.081136 -0.126505 0.098786 0.826191 -0.139686 0.536785
1403638631.027829 0.198433 0.081413 -0.130204 0.098246 0.826428 -0.139938 0.536453
1403638631.127830 0.191006 0.082427 -0.135363 0.097821 0.826460 -0.140292 0.536390
1403638631.227829 0.183133 0.083362 -0.139975 0.098003 0.826469 -0.140167 0.536374
1403638631.327830 0.175781 0.084196 -0.144179 0.098009 0.826362 -0.140234 0.536521
1403638631.427830 0.167940 0.085111 -0.148341 0.098225 0.826379 -0.140075 0.536497
1403638631.527829 0.160181 0.085915 -0.152143 0.098248 0.826473 -0.140181 0.536319
1403638631.627830 0.152428 0.086699 -0.155819 0.098481 0.826552 -0.140029 0.536196
